 0.226 1 1.0 18.0 23.0 0.39408 385.16809 -7.60513 -3.04911 0.68739 7.85768 0.97984
 0.441 1 1.0 18.0 23.0 0.38324 439.30520 -7.88364 -3.04243 0.67366 7.84962 0.97661
 0.751 1 1.0 18.0 23.0 0.39279 341.58905 -7.14445 -2.98946 0.66267 7.28764 0.97152
 0.991 1 1.0 18.0 23.0 0.34048 230.88984 -5.07292 -3.05510 0.64215 9.06155 0.96212
 1.260 1 1.0 18.0 23.0 0.40874 162.87907 -5.21506 -3.18813 0.64051 10.71492 0.95536
 1.496 1 1.0 18.0 23.0 0.19877 491.54952 -4.22789 -3.19700 0.57812 9.98571 0.97354
 1.757 1 1.0 18.0 23.0 0.11264 -3.74788 -0.14734 -3.58676 0.50563 9.79722 1.09632
 2.046 1 1.0 18.0 23.0 0.05667 -11.33923 0.17070 -3.44059 0.73652 7.08356 1.07076
 2.295 1 1.0 18.0 23.0 0.06864 -9.30002 0.19554 -3.29077 1.19392 1.66272 1.05559
 2.487 1 1.0 18.0 23.0 0.08212 -6.38545 0.17295 -3.10457 1.49524 -0.38391 1.04322
 2.690 1 1.0 18.0 23.0 0.07957 -6.72440 0.23195 -1.59051 0.52166 -1.24347 1.03855
 2.916 1 1.0 18.0 23.0 0.46685 247.54797 -7.05316 -1.44026 0.57667 -1.31592 1.01658
 3.284 1 1.0 18.0 23.0 0.25757 236.38481 -3.52235 -2.59941 2.82718 3.58713 0.93762
 4.000 1 1.0 18.0 23.0 0.08086 2.39523 0.36294 -0.19219 0.11210 -1.49849 0.94623
 4.400 1 1.0 18.0 23.0 0.06536 -8.55403 0.61846 -0.53015 0.25004 -1.48573 1.11687
 4.800 1 1.0 18.0 23.0 0.07197 -8.70767 0.51314 -5.78866 1.68402 26.94103 1.50034
