     -5.191     -4.889          8     3.44945     53.5637     0.620809     -0.21003 -0.000910016    0.0999434    0.0324106   -0.0298757
     -4.889     -4.716          8     3.22515     85.8401     -7.81535      20.9676      -14.482     -3.04586      6.80833     -1.91809
     -4.716     -4.538          8     3.81205     89.9374      0.77637    -0.500197   0.00111901     0.161933    0.0392655   -0.0333441
     -4.538     -4.363          8      4.2935     130.528     0.619771    -0.360544    0.0812154    0.0978167   -0.0242566 -0.000798807
     -4.363     -4.191          8     4.43019     134.425      0.77938    -0.582692    0.0646196     0.160168   0.00368325   -0.0193554
     -4.191     -4.013          8     4.37076     156.073     0.548467    -0.383267     0.189268     0.101835   -0.0617197     0.008504
     -4.013     -3.839          8     4.55885     210.784      1.41755      -2.1349      1.11178     0.265529    -0.299509    0.0542392
     -3.839     -3.664          8     4.46992     222.005     0.686126    -0.613868     0.287288     0.135891   -0.0838448    0.0095242
     -3.664     -3.489          8     4.36878     290.867     0.689507    -0.581499     0.288023     0.130046   -0.0856018    0.0109047
     -3.489     -3.314          8     3.92543     272.956     0.662243    -0.532905     0.307055     0.130316   -0.0878318    0.0106247
     -3.314     -3.139          8     4.11938     378.097      0.78086    -0.699889     0.416863     0.133443     -0.12248    0.0199523
     -3.139     -2.964          8     3.75273     380.071     0.787281    -0.682432     0.417134      0.13037    -0.123488    0.0204764
     -2.964     -2.853          8      2.9673     519.938     0.913461    -0.759634     0.392537     0.144593    -0.121212    0.0194505
     -2.853      -2.65          8     3.34734     562.719     0.964921    -0.711102     0.288022     0.150608    -0.101796    0.0150803
      -2.65       -2.5          8     3.03942     756.683     0.958435    -0.525989     0.144269     0.160207   -0.0855808    0.0115948
       -2.5     -2.322          8      2.9591     1018.32     0.867919    -0.261887   -0.0152518     0.175904   -0.0749691   0.00935081
     -2.322     -2.172          8     2.80717     1018.22     0.827447   -0.0327401    -0.153218     0.170134   -0.0557056    0.0060356
     -2.172     -2.043          8     2.64985     1024.84     0.942348   -0.0556825    -0.175847     0.172325   -0.0526217   0.00542171
     -2.043      -1.93          8     2.75095      1473.9      1.08879    -0.120428    -0.182413     0.176567   -0.0516953   0.00511028
      -1.93      -1.83          8     2.29317     1499.73     0.993547     0.133564     -0.29619     0.164922    -0.036699   0.00290821
      -1.83      -1.74          8     1.82837     1512.72     0.847047     0.456266    -0.469243     0.189516   -0.0335735   0.00217125
      -1.74     -1.653          8     2.11606     1998.41     0.789006     0.658211    -0.583927     0.186495   -0.0191193  -0.00028402
     -1.653     -1.566          8     2.27029     2057.17     0.813025     0.719005    -0.681114     0.234712   -0.0299463  0.000680616
     -1.566     -1.479          8     2.37158     2060.29     0.725079     0.886508    -0.747769     0.229464   -0.0228927 -0.000301255
     -1.479     -1.392          8     2.00954     2404.12       0.8354     0.658923    -0.608632     0.230265    -0.038973   0.00241803
     -1.392     -1.305          8     1.36492     2230.74     0.370084      1.48163    -0.994398     0.217932   0.00624978  -0.00495583
     -1.305     -1.218          8     1.88721     2434.56     0.304736       1.6771     -1.13944     0.228543    0.0244077  -0.00872425
     -1.218     -1.131          8     2.29348     2686.91      0.87092     0.587139    -0.566771     0.233009   -0.0434566   0.00302639
     -1.131     -1.044          8     2.62703     3200.23     0.782231     0.698589    -0.651842     0.276674   -0.0558603   0.00437754
     -1.044     -0.957          8     2.24853     3212.96     0.731466     0.758551    -0.675133     0.275327   -0.0533859   0.00402064
     -0.957     -0.879          8     2.03792     3622.36     0.666868     0.813626    -0.690907      0.27359    -0.051752   0.00381213
     -0.879     -0.783          8     2.50305     3694.02     0.735966     0.701414    -0.647425     0.276899   -0.0561261   0.00439379
     -0.783     -0.696          8     2.37049     4152.91     0.537971     0.955953    -0.743922     0.270808   -0.0464327   0.00302915
     -0.696     -0.609          8     2.29393      4174.2     0.677519     0.760253    -0.670264     0.275612   -0.0537271   0.00404562
     -0.609     -0.522          8     2.45824     4196.44     0.606144     0.841929    -0.696788     0.273374   -0.0511584   0.00370292
     -0.522     -0.435          8       2.416     4239.65     0.625133     0.783982    -0.664935     0.273561   -0.0544854   0.00424107
     -0.435     -0.348          8       2.528     4741.86     0.560095     0.871372    -0.699812     0.271826   -0.0509926   0.00373025
     -0.348     -0.261          8      2.2962     4697.72     0.600778     0.804803    -0.668946     0.272379    -0.054144   0.00423234
     -0.261     -0.174          8     2.64643     4733.63     0.634053     0.757359    -0.653747       0.2743   -0.0556495   0.00440051
     -0.174     -0.087          8     2.57245     4766.57     0.621342     0.743468    -0.639365      0.27361   -0.0571859   0.00467567
     -0.087          0          8     2.65109     4767.01     0.736083     0.583861    -0.578354     0.277268   -0.0632909   0.00554267
          0      0.087          8     2.44656     4802.79     0.672699     0.654579    -0.597148      0.27442   -0.0615418   0.00536415
      0.087      0.174          8     2.69349     4766.76     0.672721     0.671623    -0.610389     0.275101   -0.0601331   0.00510408
      0.174      0.261          8     2.50248     4691.44     0.665495     0.690848    -0.618593     0.274514   -0.0592984   0.00499313
      0.261      0.348          8     2.53832     4739.76     0.570688     0.832751    -0.674556     0.271431   -0.0537118   0.00419119
      0.348      0.435          8     2.55944     4687.24     0.631434     0.755192    -0.648754     0.273771   -0.0561999   0.00451145
      0.435      0.522          8     2.59966     4206.56     0.516057     0.915093    -0.707723     0.269902   -0.0503501   0.00369326
      0.522      0.609          8     2.50106     4197.01     0.582867     0.845975    -0.688244     0.272233    -0.052169   0.00390761
      0.609      0.696          8      2.4255     4173.54     0.630353     0.799527    -0.675617     0.273749   -0.0533682   0.00405188
      0.696      0.783          8     2.58254     3735.93     0.618026     0.825691    -0.686849     0.273161   -0.0523137   0.00390372
      0.783      0.879          8     2.62922     3673.66     0.649018     0.799371     -0.67596     0.273738   -0.0534441   0.00406731
      0.879      0.957          8     2.64875     3243.36     0.618769     0.847665     -0.69299     0.272126   -0.0518488   0.00387128
      0.957      1.044          8     2.62113     3198.79     0.656368     0.825732    -0.689014     0.272895   -0.0522391   0.00391252
      1.044      1.131          8     2.46545     3180.38     0.734758     0.745683     -0.66155     0.274491   -0.0550116   0.00431999
      1.131      1.218          8     2.47806     2700.23     0.995389     0.373356     -0.46976     0.237399   -0.0544103    0.0047292
      1.218      1.305          8       1.805     2478.73     0.450548      1.41535     -1.00775     0.230185   0.00901962  -0.00607345
      1.305      1.392          8      2.1558      2224.9     0.370906      1.47635    -0.993047     0.219486   0.00556529  -0.00491098
      1.392      1.479          8     2.41951     2387.24     0.818504      0.67158    -0.610882      0.23008   -0.0388839   0.00239839
      1.479      1.566          8     2.70187     2538.71     0.783263     0.759016    -0.679993     0.231003   -0.0308444   0.00099874
      1.566      1.653          8     2.65306     2047.75     0.756151     0.805323    -0.716118     0.232879   -0.0261907  0.000101114
      1.653       1.74          8     2.45253     2070.22     0.864607     0.594051    -0.614065     0.236626   -0.0376122   0.00190698
       1.74       1.83          8     2.44469      1509.2     0.923992     0.398014    -0.472876     0.195902   -0.0325924   0.00168999
       1.83       1.93          8     2.48641     1508.96      1.05366    0.0698587    -0.314426     0.205451   -0.0519866   0.00471381
       1.93      2.043          8     2.50048     1466.44     0.974891  -0.00339397    -0.209008     0.169505   -0.0484775   0.00483384
      2.043      2.172          8     2.71408     1019.98     0.919387   -0.0379573    -0.176857     0.171072   -0.0526148   0.00547423
      2.172      2.322          8     2.81386     1019.61     0.949407    -0.233335   -0.0665155     0.177722   -0.0675757   0.00791606
      2.322        2.5          8     2.85873     977.673     0.920878    -0.357793    0.0526589     0.152847   -0.0716462   0.00926908
        2.5       2.65          8     3.06376     773.728     0.906103    -0.458776     0.123065     0.156016   -0.0825727    0.0112174
       2.65      2.853          8     2.81168     569.159     0.894187    -0.600145     0.243637     0.142913   -0.0941714    0.0139761
      2.853      2.964          8     3.65089     518.405     0.811449    -0.614125     0.331845     0.137516    -0.110996    0.0176654
      2.964      3.139          8     3.77624     519.173     0.776553    -0.616732     0.353912     0.135757    -0.114985     0.018582
      3.139      3.314          8     4.17095     385.489     0.745674     -0.69248     0.418531     0.131653     -0.12343    0.0201778
      3.314      3.489          8     4.29456     286.168     0.626144    -0.502937     0.300526     0.119021   -0.0907083    0.0132538
      3.489      3.664          8     4.62882     226.701     0.569453    -0.478463     0.291944     0.105972     -0.09422    0.0163406
      3.664      3.839          8     4.87364     239.897      1.42273     -2.12649      1.06793     0.264106    -0.289024    0.0519302
      3.839      4.013          8     4.90982     229.924      1.28816     -1.91073     0.973448     0.239892    -0.264626      0.04819
      4.013      4.191          8     4.87212     170.188     0.572188    -0.430495     0.170455      0.10413    -0.057462   0.00835647
      4.191      4.363          8      4.9979     147.117     0.710245    -0.540435    0.0634494     0.142872  -0.00319612   -0.0137417
      4.363      4.538          8     4.59471     136.256     0.569181    -0.349458    0.0781889    0.0888986   -0.0274495   0.00257835
      4.538      4.716          8     4.68564     101.039     0.759477    -0.609763    0.0674855     0.169146   0.00647711   -0.0222516
      4.716      4.889          8     4.58146     75.8038     0.660423    -0.428296    0.0264482     0.149469    0.0279315   -0.0300154
      4.889      5.191          8     3.95871     71.4063     0.186227     0.289779    0.0755975   -0.0856475   -0.0808832    0.0512539
