     -5.191     -4.889          8     6.99185     59.9369    0.543093   -0.166137  -0.0156827   0.0841143   0.0371085  -0.0249888
     -4.889     -4.716          8     7.04427     80.6692    0.236809    0.162558     0.12993 -0.00850774  -0.0658947   0.0197445
     -4.716     -4.538          8     7.10906     98.0011    0.298352 -0.00957318    0.109684   0.0409774    -0.03846  0.00537062
     -4.538     -4.363          8      7.0823     131.092    0.304729  -0.0978096     0.13978   0.0552624  -0.0496356  0.00769752
     -4.363     -4.191          8     7.03216     153.682    0.294521   -0.106197    0.142779   0.0600639  -0.0478565  0.00666079
     -4.191     -4.013          8     7.05281      161.14     0.21723  -0.0331402    0.164072   0.0502851  -0.0554627  0.00940905
     -4.013     -3.839          8     7.02965     227.142    0.265073   -0.191271    0.299255   0.0724609   -0.107094     0.02182
     -3.839     -3.664          8     7.03376     222.073    0.353727   -0.262372    0.285061   0.0839467   -0.101078   0.0194665
     -3.664     -3.489          8     7.06803     302.377    0.228449   0.0612765    0.108915   0.0650112  -0.0607336    0.010786
     -3.489     -3.314          8     7.00883     324.592    0.221261     0.11881    0.112404   0.0621214  -0.0605283   0.0107816
     -3.314     -3.139          8     7.03067     432.392    0.160311    0.323568  -0.0146935   0.0656412  -0.0462384   0.0077978
     -3.139     -2.964          8     7.01556     631.973   0.0795896    0.553782   -0.161865    0.091805   -0.043052  0.00670214
     -2.964     -2.853          8     7.03446     431.826     0.42648   0.0344193   0.0738232   0.0879698  -0.0623502   0.0100628
     -2.853      -2.65          8     7.01677     587.737    0.575809   -0.136273   0.0817645    0.117059  -0.0713065   0.0107418
      -2.65       -2.5          8     7.00096     758.576    0.560946   0.0426458  -0.0502109     0.12553  -0.0577375  0.00795835
       -2.5     -2.322          8     7.02677     794.951    0.606364   0.0751078  -0.0848966     0.12504   -0.052418  0.00696266
     -2.322     -2.172          8     6.98576     1052.94    0.613791    0.268163   -0.261951    0.164077  -0.0470107  0.00495607
     -2.172     -2.043          8     7.02553     1059.55    0.641407    0.374924   -0.340094     0.16209  -0.0365752  0.00318209
     -2.043      -1.93          8     6.97915     1424.07    0.656004    0.487757   -0.411243    0.159205  -0.0274291  0.00166185
      -1.93      -1.83          8     7.00437     1470.97    0.543809    0.863338   -0.626335    0.154184   0.0011367 -0.00347626
      -1.83      -1.74          8      7.0014     1486.84    0.538073     1.00679   -0.712965    0.151041   0.0122919 -0.00537806
      -1.74     -1.653          8     6.97497     1531.54    0.426418     1.27138   -0.856477    0.172779   0.0122774 -0.00522827
     -1.653     -1.566          8     7.01977     2076.91    0.359309     1.47945    -1.01468    0.216801  0.00798712 -0.00514883
     -1.566     -1.479          8     6.96062     2104.21     0.45444     1.34733    -0.95004    0.217548 0.000448438 -0.00385929
     -1.479     -1.392          8     6.94279     2119.64     0.39987     1.39949   -0.939544    0.213476 -0.00109924  -0.0034526
     -1.392     -1.305          8     6.97925     2107.41   0.0389115     2.10361    -1.29707    0.209876    0.040368  -0.0105453
     -1.305     -1.218          8      6.9847     2125.19   0.0943474     2.02866    -1.28804    0.219225   0.0405199    -0.01107
     -1.218     -1.131          8     7.00943     2202.76    0.522245     1.19276   -0.839272    0.218497  -0.0119249 -0.00183729
     -1.131     -1.044          8     6.96295     3066.31    0.591079     1.04418   -0.801128    0.260477  -0.0354783  0.00141514
     -1.044     -0.957          8     6.98293     3047.38    0.606008     1.01665   -0.794107    0.261899  -0.0360158  0.00144322
     -0.957     -0.879          8     6.97878     3089.58    0.397818     1.26128   -0.880654    0.256221  -0.0273667  0.00020992
     -0.879     -0.783          8     6.99149     3119.23    0.464227     1.12495   -0.817316     0.25829  -0.0338053  0.00119169
     -0.783     -0.696          8     7.01356        3155    0.563459    0.955273   -0.747899    0.261476  -0.0407989  0.00223188
     -0.696     -0.609          8     7.00439     3180.56    0.400202     1.19972    -0.85692     0.26061  -0.0299105 0.000402724
     -0.609     -0.522          8     7.01485     3199.76    0.594313    0.886238   -0.715278    0.262546  -0.0440934  0.00273222
     -0.522     -0.435          8     6.96637     3224.05    0.526302    0.952391   -0.732168    0.260197  -0.0425539    0.002562
     -0.435     -0.348          8     6.98124     3239.38    0.569827    0.869109   -0.694033    0.261198  -0.0464716  0.00317559
     -0.348     -0.261          8     6.99045     3253.47    0.645002    0.757996   -0.648418    0.263176  -0.0510886  0.00386915
     -0.261     -0.174          8     7.01723     3262.86    0.541048    0.876021   -0.686781    0.259998  -0.0473527   0.0033633
     -0.174     -0.087          8     6.99403     3270.49    0.621862    0.760726   -0.646818    0.264456  -0.0514428  0.00384108
     -0.087          0          8     6.95279      3275.4    0.680289    0.682129    -0.61697    0.266051  -0.0544187  0.00427809
          0      0.087          8     6.99576     3275.19    0.695399    0.637583   -0.590511    0.265761  -0.0572104   0.0047535
      0.087      0.174          8     6.96997     3270.16    0.681272     0.67121    -0.60836    0.265723  -0.0553457  0.00444432
      0.174      0.261          8     6.97251     3264.13    0.612143    0.783392   -0.655732    0.263893  -0.0505816  0.00372091
      0.261      0.348          8     6.99859     3256.23    0.514147    0.942186    -0.72354    0.261449  -0.0437354  0.00267343
      0.348      0.435          8     6.99234      3244.7    0.526115     0.91633   -0.706652    0.259584  -0.0453027  0.00304046
      0.435      0.522          8     7.01228     3220.42     0.61315    0.805413   -0.664398     0.26189  -0.0495389  0.00366005
      0.522      0.609          8     6.97844     3200.67      0.5718    0.897184   -0.710925    0.261311  -0.0446873  0.00287614
      0.609      0.696          8     6.98118      3183.3    0.538212    0.953831      -0.735    0.260285  -0.0422599   0.0025134
      0.696      0.783          8      7.0048     3162.16    0.586948    0.899764   -0.716974    0.261489  -0.0440746   0.0027753
      0.783      0.879          8     6.97949      3119.1    0.534956     1.00483   -0.761102    0.259575   -0.039637  0.00211311
      0.879      0.957          8     7.02184     3088.73    0.514413     1.07316   -0.797552     0.25894  -0.0359006  0.00152481
      0.957      1.044          8     6.95294     3041.79     0.51894     1.09945   -0.812701    0.258695  -0.0343697  0.00128605
      1.044      1.131          8     6.97969     3019.86    0.471182     1.19529   -0.853964    0.256718  -0.0302596 0.000687251
      1.131      1.218          8     6.98743     3008.19    0.553501      1.1288   -0.843467    0.260574   -0.030903 0.000638484
      1.218      1.305          8     6.97729     2144.96   -0.112599     2.36099    -1.43925    0.217527   0.0558538  -0.0136826
      1.305      1.392          8     6.97703     2131.94    0.081715        2.01     -1.2465    0.210092   0.0345233 -0.00953521
      1.392      1.479          8     6.96314     2133.13    0.452462     1.29591   -0.887721    0.214633 -0.00699752 -0.00248437
      1.479      1.566          8     7.00354     2141.05      0.2212     1.68477    -1.09751     0.21542    0.016044 -0.00656165
      1.566      1.653          8     6.98365     2068.54    0.472205      1.2794   -0.919238    0.219644 -0.00276991 -0.00340999
      1.653       1.74          8     6.98933     1528.13    0.460785     1.22922   -0.842513    0.174454   0.0106817 -0.00501553
       1.74       1.83          8     7.01229     1489.41    0.517948     1.07547   -0.746384    0.146318   0.0168974  -0.0058924
       1.83       1.93          8     6.99095     1467.45    0.626482    0.703575   -0.538315    0.154498  -0.0107214 -0.00118388
       1.93      2.043          8     6.98371     1452.29    0.666254    0.479004   -0.412042    0.160192  -0.0271566  0.00156233
      2.043      2.172          8     6.97934     1067.64    0.561691    0.509939   -0.401464    0.158328  -0.0284975  0.00184446
      2.172      2.322          8      6.9897     1040.13    0.672262    0.159894   -0.210738    0.167059  -0.0537355  0.00607032
      2.322        2.5          8     6.98719      806.32    0.721906   -0.107448   -0.020878    0.149257  -0.0700458  0.00953269
        2.5       2.65          8     7.01555     801.432    0.539048    0.102098   -0.102848    0.142086  -0.0581533  0.00753971
       2.65      2.853          8     7.02341     590.882    0.586015   -0.161951   0.0950057    0.118431  -0.0735298   0.0111075
      2.853      2.964          8     7.04781     433.436    0.310096    0.192292   0.0210061   0.0757249  -0.0528806  0.00869701
      2.964      3.139          8     7.03275     580.107   0.0523805    0.574937   -0.148031   0.0682545  -0.0355713  0.00605007
      3.139      3.314          8     7.01717     414.831    0.123153    0.347296  -0.0218741   0.0601984  -0.0460664   0.0082199
      3.314      3.489          8     7.05668     327.413    0.164741    0.148332    0.100421     0.05807   -0.058351     0.01056
      3.489      3.664          8     7.03924     337.592    0.509048   -0.567779    0.441579     0.11029   -0.141825   0.0274447
      3.664      3.839          8     7.00884     306.242    0.529942   -0.632329     0.43505    0.119902   -0.138129   0.0258908
      3.839      4.013          8     7.06494      224.22     0.28303   -0.257168    0.287555   0.0816338   -0.102402   0.0199629
      4.013      4.191          8     7.03503      223.33    0.261747   -0.246613    0.288543   0.0787667   -0.103649   0.0205203
      4.191      4.363          8     7.03197     165.138     0.21152  -0.0711518      0.1498   0.0502205  -0.0536663  0.00912467
      4.363      4.538          8     7.02586     158.815    0.187102  -0.0232322    0.152544    0.035719  -0.0606625   0.0127309
      4.538      4.716          8     7.01515     99.6339    0.287482  -0.0746592   0.0965076   0.0529103  -0.0303774  0.00224559
      4.716      4.889          8     6.94569     103.288    0.435391    -0.17074    0.102557   0.0541735  -0.0446563  0.00721021
      4.889      5.191          8     7.01209      74.879    0.430795  -0.0990672    0.032502   0.0511588 -0.00733739 -0.00493593
