 0.226 1 1.0 18.0 23.0 0.17680 542.22083 -3.87074 -3.02268 0.67342 6.94000 0.98027
 0.441 1 1.0 18.0 23.0 0.15852 551.12440 -3.47046 -2.97745 0.64258 6.96602 0.97706
 0.751 1 1.0 18.0 23.0 0.17707 637.50697 -4.22875 -2.94249 0.63141 6.64647 0.97269
 0.991 1 1.0 18.0 23.0 0.08924 567.28944 -1.85988 -3.15446 0.67630 8.79311 0.96314
 1.260 1 1.0 18.0 23.0 0.09196 601.53957 -2.00691 -3.07885 0.58807 9.12017 0.95692
 1.496 1 1.0 18.0 23.0 0.10728 624.76433 -2.44774 -3.11049 0.52998 8.85233 0.97719
 1.757 1 1.0 18.0 23.0 0.15695 664.34241 -3.81833 -3.60844 0.51219 9.23367 1.09461
 2.046 1 1.0 18.0 23.0 0.21974 362.22065 -3.96999 -3.38338 0.71400 5.70148 1.07132
 2.295 1 1.0 18.0 23.0 0.33826 447.38711 -6.91945 -3.27338 1.15855 0.34173 1.05584
 2.487 1 1.0 18.0 23.0 0.43915 456.20277 -9.13174 -2.33325 0.81388 -1.15073 1.04677
 2.690 1 1.0 18.0 23.0 0.50162 474.36642 -10.65736 -1.76587 0.58892 -1.49999 1.04427
 2.916 1 1.0 18.0 23.0 0.53600 445.49326 -11.01214 -1.49677 0.57610 -1.49839 1.02029
 3.284 1 1.0 18.0 23.0 0.30250 272.62007 -4.58834 -2.60417 2.59561 0.45646 0.94244
 4.000 1 1.0 18.0 23.0 0.06696 -3.73360 0.45345 -0.20590 0.11086 -1.49999 0.94655
 4.400 1 1.0 18.0 23.0 0.06206 -9.42120 0.61347 -0.48969 0.19729 -1.48036 1.12032
 4.800 1 1.0 18.0 23.0 0.09490 -4.75521 0.37443 -6.91927 1.00062 32.84382 1.70211
