 0.226 1 1.0 18.0 23.0 0.02545 1086.10780 -0.55346 -3.20013 0.63527 7.55015 0.98391
 0.441 1 1.0 18.0 23.0 -0.04218 699.84841 1.41326 -3.19110 0.62100 7.69236 0.98091
 0.751 1 1.0 18.0 23.0 0.02247 975.66613 -0.41905 -3.04109 0.56310 7.36415 0.97705
 0.991 1 1.0 18.0 23.0 -0.00251 -11.26012 0.29564 -3.22004 0.58652 9.57218 0.96905
 1.260 1 1.0 18.0 23.0 0.02658 865.06347 -0.51400 -3.21907 0.55078 10.12686 0.96248
 1.496 1 1.0 18.0 23.0 0.00746 1157.32893 0.01703 -3.21446 0.48920 9.50967 0.98435
 1.757 1 1.0 18.0 23.0 0.03443 457.16552 -0.46574 -3.71884 0.42506 10.66754 1.11660
 2.046 1 1.0 18.0 23.0 0.00739 -7.27928 0.27753 -3.58970 0.61971 7.68618 1.08886
 2.295 1 1.0 18.0 23.0 0.23149 407.60468 -4.43041 -3.36603 0.87370 2.65899 1.08115
 2.487 1 1.0 18.0 23.0 0.23609 531.19979 -5.15303 -3.30218 1.17367 -0.84776 1.07044
 2.690 1 1.0 18.0 23.0 0.36850 544.34020 -8.31339 -1.76197 0.44746 -1.47833 1.06118
 2.916 1 1.0 18.0 23.0 0.04330 -7.76058 0.33082 -1.41666 0.39047 -1.49721 1.03907
 3.284 1 1.0 18.0 23.0 0.22001 323.48950 -3.54293 -2.88455 2.08865 2.33959 0.96709
 4.000 1 1.0 18.0 23.0 0.10414 27.43376 -0.05671 -0.35210 0.13171 -1.49880 0.96598
 4.400 1 1.0 18.0 23.0 0.11520 4.69227 0.16008 -0.42134 0.12861 -1.49940 1.11535
 4.800 1 1.0 18.0 23.0 0.13437 2.85970 0.03959 -4.81441 1.33522 10.41788 1.47383
