     -5.191     -4.889          8      3.3843     48.2352      1.05722     -0.54917    -0.194139     0.168802     0.142087   -0.0657219
     -4.889     -4.716          8     3.66939      62.968      0.96796    -0.510106   -0.0992148     0.168938    0.0941033   -0.0532073
     -4.716     -4.538          8     4.05974      88.118     0.987549    -0.632582   -0.0471525     0.181979     0.057863   -0.0401891
     -4.538     -4.363          8     4.12394     133.238     0.950637    -0.648934    0.0240461      0.15728   0.00935104   -0.0181877
     -4.363     -4.191          8        4.33     132.316      1.03046    -0.763583    0.0164955     0.190507    0.0242748   -0.0278598
     -4.191     -4.013          8     4.34225     157.836       0.9725    -0.757899      0.12632     0.171804   -0.0267837  -0.00867297
     -4.013     -3.839          8       4.529     207.375     0.957515    -0.835267     0.248558     0.169005   -0.0674018   0.00313033
     -3.839     -3.664          8     4.59596     219.429     0.933101    -0.796783     0.251209      0.16123   -0.0705223    0.0045971
     -3.664     -3.489          8     4.45903     292.682     0.910574    -0.746296     0.257304     0.153449   -0.0738307   0.00619242
     -3.489     -3.314          8     4.24859     272.933     0.924278    -0.736955     0.269712     0.159677   -0.0731156   0.00476471
     -3.314     -3.139          8     4.16193      379.92       1.3287     -1.55545     0.774627     0.198069    -0.200222    0.0340197
     -3.139     -2.964          8     4.01055     380.151      1.37971     -1.58605     0.784198     0.200254    -0.202658    0.0344583
     -2.964     -2.853          8     4.34856     514.962     0.901258    -0.538965     0.197617     0.146083   -0.0852642    0.0117682
     -2.853      -2.65          8     3.05782     558.903      1.14781    -0.886822     0.315613     0.163773    -0.104979    0.0150843
      -2.65       -2.5          8     3.37568     748.813      1.06715    -0.597688       0.1476     0.150901   -0.0764413   0.00991891
       -2.5     -2.322          8     2.64673     996.923      1.09565    -0.541218    0.0959449     0.163878   -0.0772614   0.00986866
     -2.322     -2.172          8     3.15233     1013.44      1.02648    -0.241121    -0.104336     0.182236   -0.0614991     0.006566
     -2.172     -2.043          8      2.9552     1016.77     0.890122    0.0874107     -0.25887      0.16902   -0.0406515    0.0033277
     -2.043      -1.93          8     2.83599     1466.44     0.985961    0.0618792    -0.264529     0.169546    -0.040307   0.00331055
      -1.93      -1.83          8     2.79165     1486.59     0.834795     0.405541     -0.41894     0.155284   -0.0197081  0.000162786
      -1.83      -1.74          8     2.85228     1508.85     0.778446     0.596641    -0.542593     0.187584   -0.0243457  0.000580509
      -1.74     -1.653          8     2.92323     1986.27     0.589109     0.965082    -0.709664     0.176597  -0.00377393  -0.00261154
     -1.653     -1.566          8      2.5967     2049.22     0.607333      1.00865    -0.788996     0.225499   -0.0181421 -0.000965341
     -1.566     -1.479          8     2.68612     2055.12     0.605206      1.05155     -0.80474       0.2234   -0.0167756  -0.00109439
     -1.479     -1.392          8      2.8523     2400.55      0.69921     0.888818    -0.713057     0.226206   -0.0272436   0.00055485
     -1.392     -1.305          8     2.49935     2227.21     0.323571      1.56528     -1.03756     0.218195    0.0109284   -0.0057921
     -1.305     -1.218          8     2.34151     2443.97     0.366408      1.57385     -1.08817     0.228752    0.0184559  -0.00766985
     -1.218     -1.131          8      2.8059     2683.71     0.760842     0.755605     -0.63661     0.228943   -0.0357208   0.00185778
     -1.131     -1.044          8     2.69616     3198.14     0.744541     0.757277    -0.675348     0.275104   -0.0534147   0.00404007
     -1.044     -0.957          8     2.72942     3202.06     0.640304     0.899091    -0.733027     0.272448   -0.0475121   0.00316551
     -0.957     -0.879          8     2.60759     3616.47     0.607189     0.904775    -0.727465     0.271597   -0.0480909   0.00328654
     -0.879     -0.783          8     2.58863     3688.17     0.676679     0.791776    -0.682767     0.274363   -0.0524994   0.00390059
     -0.783     -0.696          8     2.71603     4142.51     0.547142     0.957745    -0.747933     0.270816   -0.0459386   0.00295293
     -0.696     -0.609          8     2.61257     4177.95     0.623064     0.814254    -0.683175     0.273185   -0.0524796   0.00393309
     -0.609     -0.522          8       2.837     4189.47     0.575059     0.890526    -0.716389     0.272132   -0.0491413   0.00342082
     -0.522     -0.435          8     3.01377     4224.03     0.612749       0.8133    -0.681076     0.273591      -0.0528   0.00396097
     -0.435     -0.348          8     2.68528     4732.73     0.662565     0.733416    -0.646982     0.274477   -0.0561983   0.00449435
     -0.348     -0.261          8     2.79453     4690.45     0.622851     0.780008    -0.661511     0.273131   -0.0548369   0.00431879
     -0.261     -0.174          8     3.01311     4724.34     0.674034     0.697951    -0.630285     0.275546   -0.0579716   0.00473504
     -0.174     -0.087          8     3.11535      4758.6     0.682636     0.680404    -0.623147     0.276043   -0.0586942   0.00483267
     -0.087          0          8     3.00455     4766.33     0.770433     0.542643    -0.565339     0.278545   -0.0645325   0.00569853
          0      0.087          8     2.88884     4798.16     0.737234     0.571704    -0.568729     0.276734    -0.064304   0.00573119
      0.087      0.174          8      3.0789     4742.02     0.722931     0.597041    -0.581196     0.276769   -0.0630312   0.00551642
      0.174      0.261          8     2.96635     4687.54     0.734503     0.602352    -0.587859     0.276957   -0.0623155   0.00539694
      0.261      0.348          8      3.0203     4741.26     0.606304     0.792562    -0.662645     0.272753   -0.0548372   0.00432698
      0.348      0.435          8     2.90777     4676.66     0.663644     0.703148    -0.626613     0.274592   -0.0584026   0.00484331
      0.435      0.522          8     2.82249     4206.36     0.647311     0.729505    -0.636019     0.273868   -0.0574564   0.00471541
      0.522      0.609          8     2.91277     4188.73     0.562194     0.870557    -0.695757     0.271272    -0.051412   0.00382071
      0.609      0.696          8     2.80257     4165.43     0.598484     0.846424    -0.693292     0.272401   -0.0515772   0.00381096
      0.696      0.783          8     2.70258     3726.65     0.603142     0.838848    -0.687475     0.271823   -0.0522321   0.00394722
      0.783      0.879          8     3.01025     3667.44     0.765983     0.636258    -0.613906     0.277498    -0.059613   0.00494033
      0.879      0.957          8     2.68234     3233.21     0.612496     0.858404    -0.695991      0.27113   -0.0514595    0.0038541
      0.957      1.044          8     2.65723     3183.92     0.649377     0.852972    -0.703642     0.272199   -0.0506083   0.00368024
      1.044      1.131          8     2.97207     3171.49     0.751554     0.721026    -0.652172     0.275181   -0.0559586   0.00444783
      1.131      1.218          8     2.72861     3095.58     0.740302     0.782432     -0.68999      0.27584   -0.0517543   0.00372732
      1.218      1.305          8     2.51664     2489.73     0.241782      1.69733     -1.11087     0.221188    0.0202684  -0.00764076
      1.305      1.392          8     1.98574     2220.24     0.329841      1.44027      -0.9375     0.213095 -0.000955471  -0.00348532
      1.392      1.479          8     2.78483     2405.66     0.600794       1.0077    -0.749583       0.2214   -0.0234451  0.000102754
      1.479      1.566          8     3.09394     2062.65      0.54707      1.11457    -0.822304     0.221341   -0.0151502  -0.00130199
      1.566      1.653          8     2.81831     2034.51     0.644873     0.972474    -0.780238     0.227408   -0.0191403 -0.000875024
      1.653       1.74          8     2.72842     2059.61     0.724372     0.809877    -0.703536      0.23108   -0.0275922  0.000411411
       1.74       1.83          8     3.08352     1503.21     0.884367     0.506877    -0.534653     0.194482   -0.0247621  0.000344923
       1.83       1.93          8     2.99697     1505.68     0.812726     0.453855    -0.476798     0.193446   -0.0319884    0.0016448
       1.93      2.043          8     2.84687      1455.2     0.900832      0.17593    -0.309209     0.165234   -0.0341296   0.00233434
      2.043      2.172          8     2.84183      1017.8      1.03454    -0.149929    -0.152963     0.177193   -0.0553439   0.00572429
      2.172      2.322          8     3.06574     1008.88     0.999024    -0.207141     -0.11887     0.181288    -0.059328   0.00618987
      2.322        2.5          8     3.26966     971.907      1.09227    -0.504729    0.0662318     0.164669   -0.0726011   0.00887593
        2.5       2.65          8     4.78748     769.687      1.09028    -0.601168     0.118055     0.171393   -0.0804587   0.00997439
       2.65      2.853          8     3.50918     564.751      1.08699    -0.750868     0.235935     0.159856   -0.0908684    0.0123119
      2.853      2.964          8     3.78254     517.577       1.3707     -1.46768     0.682625     0.186019    -0.172643    0.0281725
      2.964      3.139          8     3.96173     515.222      1.02847    -0.901566     0.416876     0.158327    -0.123749    0.0191328
      3.139      3.314          8     4.18683     379.688     0.906642     -0.79489     0.394003     0.141578    -0.117321    0.0188206
      3.314      3.489          8     4.56013     287.541     0.867483    -0.699185     0.267627     0.148664   -0.0765365   0.00723092
      3.489      3.664          8     4.72022     316.917      0.93512    -0.899048     0.379039     0.153763    -0.111778    0.0169416
      3.664      3.839          8     4.85911     234.725     0.922285    -0.814069     0.242019     0.159093   -0.0700524   0.00532158
      3.839      4.013          8     4.91213     234.431      1.63929     -2.28668      1.02717     0.288732    -0.275154    0.0468181
      4.013      4.191          8     4.77608      166.33     0.863769    -0.675499     0.128116      0.14829   -0.0354358  -0.00238838
      4.191      4.363          8     4.99153     144.215     0.747144    -0.487748    0.0525416     0.118123   -0.0120062   -0.0063161
      4.363      4.538          8     4.63197     137.945     0.964501    -0.712448    0.0127576     0.168903    0.0160193   -0.0212148
      4.538      4.716          8     4.83531     102.302      1.02711    -0.796354    0.0165803     0.199722    0.0274126   -0.0311937
      4.716      4.889          8     4.57708     73.2735     0.865969    -0.523133   -0.0904901     0.174634    0.0939015   -0.0561947
      4.889      5.191          8       3.986     58.8027     0.878428    -0.468401   -0.0948527     0.145958    0.0791334   -0.0463355
