 0.226 1 1.0 18.0 23.0 0.20677 628.27538 -4.99131 -3.13189 0.69766 4.64705 0.98100
 0.441 1 1.0 18.0 23.0 0.21340 528.84771 -4.72163 -3.14591 0.69594 5.24670 0.97786
 0.751 1 1.0 18.0 23.0 0.25118 529.07373 -5.60779 -2.97756 0.63540 4.61727 0.97299
 0.991 1 1.0 18.0 23.0 0.25288 435.36192 -5.11779 -3.14189 0.66273 6.54312 0.96363
 1.260 1 1.0 18.0 23.0 0.25550 499.75214 -5.57047 -3.16786 0.62573 7.68460 0.95744
 1.496 1 1.0 18.0 23.0 0.34004 402.94616 -6.74320 -3.14741 0.57423 6.62321 0.97433
 1.757 1 1.0 18.0 23.0 0.41179 375.18277 -7.91466 -4.06256 0.63233 10.13273 1.10152
 2.046 1 1.0 18.0 23.0 0.08863 -2.41620 -0.07076 -3.33889 0.68593 3.77315 1.07406
 2.295 1 1.0 18.0 23.0 0.12368 10.08693 -0.30719 -3.31016 1.04770 -0.08188 1.07066
 2.487 1 1.0 18.0 23.0 0.34122 227.88845 -4.95983 -1.71182 0.39826 -1.24207 1.05926
 2.690 1 1.0 18.0 23.0 0.49349 380.99843 -9.41706 -1.33996 0.31336 -1.49918 1.05697
 2.916 1 1.0 18.0 23.0 0.08110 -4.99680 0.19713 -1.14614 0.30167 -1.49986 1.03790
 3.284 1 1.0 18.0 23.0 0.29876 279.03239 -4.61140 -2.72616 2.28711 -0.25666 0.95928
 4.000 1 1.0 18.0 23.0 0.08761 1.36581 0.28754 -0.28351 0.12179 -1.49390 0.96160
 4.400 1 1.0 18.0 23.0 0.09998 -3.04116 0.36665 -0.35975 0.13381 -1.49874 1.10018
 4.800 1 1.0 18.0 23.0 0.11183 -4.50385 0.27661 -6.29165 1.23335 25.49022 1.61429
