     -5.191     -4.889          8     3.52414     50.0427     0.817151    -0.309403   -0.0707978    0.0952631    0.0500183   -0.0215185
     -4.889     -4.716          8     4.36741      65.059    -0.197409     0.825027     0.228296    -0.215526    -0.187286      0.10083
     -4.716     -4.538          8      4.5125     90.4506     0.841033    -0.515729  -0.00598774     0.164909    0.0416272   -0.0352082
     -4.538     -4.363          8     4.78384     129.255     0.777081    -0.467169    0.0519492     0.116128   -0.0114912  -0.00582796
     -4.363     -4.191          8     4.69196     132.254     0.820742    -0.554499    0.0517824     0.143564 -0.000818479   -0.0141888
     -4.191     -4.013          8     4.90943      157.98     0.838483    -0.646555     0.149876     0.154166   -0.0367421  -0.00455944
     -4.013     -3.839          8     4.89845     210.541      1.71109     -2.51233      1.22273     0.308173     -0.32614    0.0575264
     -3.839     -3.664          8     4.86752     220.208      1.43695     -1.97873     0.976655     0.251957     -0.26548    0.0470946
     -3.664     -3.489          8     4.65784     215.328     0.891244    -0.749394     0.263439     0.157297   -0.0733419   0.00527621
     -3.489     -3.314          8     4.49486      277.48      1.46703     -2.03108      1.08374        0.256    -0.293181    0.0532539
     -3.314     -3.139          8     4.56443      381.58     0.871167    -0.758313     0.406368      0.14065     -0.11907    0.0187243
     -3.139     -2.964          8     4.18952     380.783      1.40543     -1.71324     0.886649     0.206665    -0.226271    0.0394048
     -2.964     -2.853          8      4.1408     520.433      1.28696     -1.38498     0.690683     0.176695    -0.175921    0.0294111
     -2.853      -2.65          8     3.67809     554.435      1.17007     -1.01117      0.41037     0.167807    -0.122237    0.0183781
      -2.65       -2.5          8      3.8642     749.998      1.21265    -0.935835     0.338946     0.165897     -0.11016    0.0160362
       -2.5     -2.322          8     2.78947     1005.71     0.987181    -0.438361    0.0610465     0.181556   -0.0852522    0.0110526
     -2.322     -2.172          8     3.39363     1016.88      1.04803    -0.368982    -0.011834     0.183125   -0.0751281   0.00908893
     -2.172     -2.043          8     3.09624     1017.72      1.04689    -0.231529   -0.0956024     0.178445   -0.0637293   0.00722651
     -2.043      -1.93          8     2.82708     1467.46      1.00563   -0.0228414    -0.209838     0.171181   -0.0481442   0.00469546
      -1.93      -1.83          8      2.6607     1498.33     0.967424     0.151717    -0.292669     0.162959    -0.037408    0.0031329
      -1.83      -1.74          8     2.70925      1508.7     0.949893     0.332652    -0.431814     0.195904   -0.0380057   0.00267024
      -1.74     -1.653          8     2.27089      1991.3     0.700768     0.786763    -0.627001     0.180095   -0.0139969 -0.000900145
     -1.653     -1.566          8     2.82727     2044.76     0.623244      1.01959    -0.807529       0.2277   -0.0159119  -0.00145506
     -1.566     -1.479          8     2.86915     2053.49     0.636625      1.04052    -0.817156      0.22644   -0.0151249  -0.00151737
     -1.479     -1.392          8     2.43945     2385.03     0.670277     0.921025    -0.718642      0.22385   -0.0266828  0.000566599
     -1.392     -1.305          8     2.36399      2221.2     0.308768      1.59374     -1.04847     0.217298    0.0122092  -0.00597929
     -1.305     -1.218          8      1.8507     2419.49     0.287852      1.65774     -1.11103     0.225177    0.0213871  -0.00806167
     -1.218     -1.131          8      2.7725     2673.56     0.813603     0.679493    -0.605537      0.23096    -0.039168   0.00236785
     -1.131     -1.044          8     2.55828     3187.58     0.785571     0.698492    -0.651147     0.276168   -0.0558802   0.00440676
     -1.044     -0.957          8     2.58239     3204.69     0.669711     0.857318    -0.716087     0.273239   -0.0492192   0.00341751
     -0.957     -0.879          8     2.71662     3620.88     0.676619      0.80786    -0.691683     0.274342   -0.0516925   0.00377051
     -0.879     -0.783          8     2.68401     3688.91     0.610172     0.867584    -0.706443     0.272199    -0.050243   0.00360677
     -0.783     -0.696          8     2.84387     4149.82     0.602079     0.868541    -0.712056     0.273122   -0.0495864   0.00345892
     -0.696     -0.609          8     2.45807     4173.24     0.586197     0.869283    -0.703802     0.271602    -0.050418   0.00365825
     -0.609     -0.522          8     2.72807     4197.49     0.565224     0.881518    -0.706029     0.271561   -0.0502554   0.00362368
     -0.522     -0.435          8     2.82543     4235.87     0.542783      0.89202    -0.703747     0.270685   -0.0506216   0.00371415
     -0.435     -0.348          8     2.86182      4734.2      0.63315     0.762465    -0.655955     0.273959    -0.055367   0.00437044
     -0.348     -0.261          8      2.6401     4704.07     0.540475     0.877037    -0.692484     0.269989   -0.0517867   0.00393693
     -0.261     -0.174          8     2.83261     4734.39     0.561544     0.838629    -0.677301     0.271235   -0.0533519   0.00414056
     -0.174     -0.087          8     2.88242     4768.56     0.620106     0.737589    -0.634715     0.273349    -0.057649   0.00476248
     -0.087          0          8     2.92192     4781.82     0.753383     0.555807    -0.567082     0.277836    -0.064393    0.0057022
          0      0.087          8     2.87599     4795.42     0.683173     0.630702    -0.585928     0.274796   -0.0626713   0.00553379
      0.087      0.174          8     2.96652     4752.41     0.687086     0.649942     -0.60221      0.27557   -0.0609129   0.00521496
      0.174      0.261          8     2.98266     4683.02     0.605764     0.770594    -0.648773     0.272748   -0.0562858   0.00456201
      0.261      0.348          8     2.61371     4744.48     0.641209     0.716861    -0.622784     0.272725   -0.0589161   0.00500452
      0.348      0.435          8     2.72873     4682.66     0.558912     0.835211    -0.671309     0.270591   -0.0539912   0.00427173
      0.435      0.522          8     2.90478     4213.69     0.643138     0.747388    -0.646905      0.27407   -0.0563495   0.00452508
      0.522      0.609          8     3.00404     4189.92      0.56479     0.888785    -0.710423      0.27199   -0.0498862   0.00354146
      0.609      0.696          8     2.90303     4169.62     0.570323     0.876643    -0.702775     0.271673   -0.0506778   0.00368689
      0.696      0.783          8      2.6284      3720.9     0.633089       0.7946    -0.669969     0.272764   -0.0539824   0.00419992
      0.783      0.879          8     2.85865     3671.81     0.657589     0.768475    -0.657065     0.273428   -0.0553956   0.00440094
      0.879      0.957          8     2.69591     3242.44     0.673088     0.770079    -0.661231      0.27324   -0.0549847   0.00435134
      0.957      1.044          8     2.71266     3193.62     0.672636      0.81574    -0.686696     0.272819   -0.0524118   0.00395215
      1.044      1.131          8     2.87806     3176.95     0.769017     0.711191    -0.651507     0.275611   -0.0559923   0.00444087
      1.131      1.218          8      2.7173     2683.53     0.901306     0.508672    -0.522194     0.233731   -0.0486228   0.00387962
      1.218      1.305          8     2.22703     2466.99     0.198938      1.79239     -1.16068      0.22049    0.0263052  -0.00868201
      1.305      1.392          8     2.09435      2198.4     0.244569      1.63711     -1.04283     0.211764    0.0113165  -0.00557035
      1.392      1.479          8     2.41931     2395.24     0.722523     0.808145    -0.658946     0.224855   -0.0336285   0.00172477
      1.479      1.566          8     2.60013     2063.53     0.540039      1.11489    -0.817762     0.220082   -0.0155634  -0.00116659
      1.566      1.653          8     2.76098     2042.48     0.648985     0.958939    -0.770662     0.227261   -0.0202759 -0.000674365
      1.653       1.74          8     2.90394      2043.6     0.838124     0.646711    -0.639017     0.235958    -0.034806   0.00144588
       1.74       1.83          8     2.81823      1502.1     0.891549     0.453286    -0.495426      0.19407   -0.0298473    0.0012768
       1.83       1.93          8     3.07381     1506.05     0.934877     0.238785    -0.376738     0.199467   -0.0445679   0.00363213
       1.93      2.043          8     2.92566      1456.5       1.0232   -0.0653756    -0.187886      0.17265   -0.0512111   0.00519563
      2.043      2.172          8      2.9944     1016.57      1.11461    -0.346745   -0.0442496     0.182526   -0.0707658   0.00836288
      2.172      2.322          8     3.12875     1009.04      1.08251    -0.449567    0.0302423      0.18532      -0.0809    0.0100747
      2.322        2.5          8     3.35926     969.925      1.14656    -0.709286     0.203191     0.169381   -0.0946872    0.0129789
        2.5       2.65          8     3.24597     764.038      1.11273    -0.762134     0.246996     0.170597    -0.101321    0.0141932
       2.65      2.853          8     3.42205     562.515      1.17187     -1.00641     0.404303     0.167689    -0.120987    0.0181422
      2.853      2.964          8     3.71352     517.114      1.30874      -1.4195     0.692313     0.182271    -0.174671    0.0285523
      2.964      3.139          8     4.18821     383.213     0.931227    -0.794894     0.400103      0.14533    -0.116941    0.0179063
      3.139      3.314          8     4.39374     381.324      0.83922    -0.748465      0.40552     0.137414    -0.120021    0.0193781
      3.314      3.489          8     4.74621     286.833     0.823431    -0.681236     0.279062     0.150308   -0.0775164   0.00669088
      3.489      3.664          8     5.08772     229.328     0.801745    -0.683807     0.266471     0.142098   -0.0789238   0.00855065
      3.664      3.839          8     5.23037      233.82     0.891891    -0.808218     0.248346     0.161274   -0.0699503   0.00488814
      3.839      4.013          8     4.68536     226.387      1.78637     -2.79338      1.42693      0.30789    -0.384274    0.0740596
      4.013      4.191          8     5.62128      171.77     0.824998     -0.68577     0.144222     0.160033   -0.0337198  -0.00570706
      4.191      4.363          8     5.18971     150.921     0.880943    -0.727648     0.131578     0.163602   -0.0310217  -0.00691979
      4.363      4.538          8     5.26501     108.104     0.854965    -0.615124    0.0297826     0.148421   0.00552359   -0.0147271
      4.538      4.716          8     5.19508     99.5677     0.828038    -0.572346    -0.021023     0.172453    0.0481187   -0.0368797
      4.716      4.889          8     5.01211     72.0469     0.900264     -0.61572   -0.0953872     0.214986     0.116763   -0.0713829
      4.889      5.191          8     4.33376          57     0.463014    0.0414099   0.00855475   -0.0156603   -0.0280368    0.0223712
