 0.226 1 1.0 18.0 23.0 0.23625 617.05452 -5.67354 -3.19020 0.64433 7.73914 0.98314
 0.441 1 1.0 18.0 23.0 0.30317 453.96430 -6.30232 -3.05311 0.58273 7.28566 0.97991
 0.751 1 1.0 18.0 23.0 0.31893 466.79529 -6.73890 -3.01552 0.56809 7.30250 0.97605
 0.991 1 1.0 18.0 23.0 0.31689 362.13808 -5.89664 -3.07883 0.55550 8.70350 0.96727
 1.260 1 1.0 18.0 23.0 0.05187 -9.43555 0.11340 -3.22012 0.57032 10.25278 0.96050
 1.496 1 1.0 18.0 23.0 0.04434 -12.03570 0.14996 -3.17042 0.49123 9.53629 0.98206
 1.757 1 1.0 18.0 23.0 0.41815 262.25097 -6.72966 -3.69388 0.43100 10.47910 1.11553
 2.046 1 1.0 18.0 23.0 0.45238 199.51329 -6.36928 -3.51333 0.64757 6.96508 1.08161
 2.295 1 1.0 18.0 23.0 0.06137 -8.92009 0.17243 -3.34992 0.96734 2.38228 1.07067
 2.487 1 1.0 18.0 23.0 0.06410 -6.98846 0.19057 -3.24480 1.19814 0.23210 1.06637
 2.690 1 1.0 18.0 23.0 0.25394 78.06924 -2.03746 -3.13752 1.39302 -1.32548 1.06494
 2.916 1 1.0 18.0 23.0 0.05939 -8.20480 0.31628 -1.33514 0.38903 -1.48988 1.03270
 3.284 1 1.0 18.0 23.0 0.03454 -8.33258 0.44073 -2.76804 2.01184 6.28815 0.96611
 4.000 1 1.0 18.0 23.0 0.28303 242.74407 -3.88710 -0.30773 0.13315 -1.49995 0.96003
 4.400 1 1.0 18.0 23.0 0.07650 -5.01506 0.48268 -0.52389 0.18505 -1.49920 1.12342
 4.800 1 1.0 18.0 23.0 0.07825 -7.83244 0.44191 -4.52553 1.50539 9.78425 1.42573
