     -5.191     -4.889          8     3.68899     42.1664      1.99351      -1.7432    -0.496189     0.591748     0.474814    -0.254775
     -4.889     -4.716          8      4.4971      40.388   -0.0774964     0.420706     0.265307    0.0237005   -0.0704314   -0.0071918
     -4.716     -4.538          8     4.04205     83.6234     0.246452     0.112857    0.0974827  -0.00786771   -0.0540321    0.0259619
     -4.538     -4.363          8     4.80258      100.38     0.599074    -0.410556     0.090185     0.119254   -0.0168401  -0.00685858
     -4.363     -4.191          8       5.087     141.448     0.686362    -0.558543    0.0871218     0.164828   0.00147084   -0.0209057
     -4.191     -4.013          8     4.71578     161.415      1.87063     -3.37636      1.92034     0.417319    -0.586768     0.121612
     -4.013     -3.839          8     5.02242     160.364      1.40099     -2.40177      1.39326     0.308953     -0.41916    0.0856469
     -3.839     -3.664          8     4.73281     218.414      1.48068     -2.36058      1.25413     0.285151    -0.335063    0.0616026
     -3.664     -3.489          8     4.89016     212.054     0.732302    -0.683263     0.286209     0.154016   -0.0766434   0.00623124
     -3.489     -3.314          8     3.92478     280.093      1.31933     -2.15249      1.32825     0.250163    -0.360394    0.0701088
     -3.314     -3.139          8     4.24826     294.759      1.31162     -2.00214      1.20095     0.240949    -0.327486    0.0627301
     -3.139     -2.964          8     4.09559      389.43      1.26353     -1.81206      1.08848     0.200333    -0.274207    0.0507206
     -2.964     -2.853          8      4.9799     395.448     0.752383     -0.65817     0.423052     0.128403    -0.124767     0.020723
     -2.853      -2.65          8     3.26775     551.876     0.759282    -0.556625     0.301405     0.132703     -0.10582    0.0169499
      -2.65       -2.5          8     3.43015     579.054     0.781084    -0.467599     0.228847      0.13035   -0.0936169    0.0145675
       -2.5     -2.322          8     3.15218     777.477     0.668265    -0.149106    0.0453286     0.134294    -0.072375      0.01033
     -2.322     -2.172          8     2.78883     1029.72     0.778976    -0.170326   -0.0137577     0.166187   -0.0764875    0.0101398
     -2.172     -2.043          8      2.9118     1029.42     0.937021    -0.238281   -0.0267159     0.171491   -0.0745638   0.00958517
     -2.043      -1.93          8     2.67814     1054.91     0.779104     0.201545    -0.263353     0.159211   -0.0415579   0.00397332
      -1.93      -1.83          8     2.41361     1482.68      1.09263   -0.0615828    -0.202711     0.171864   -0.0495791   0.00498632
      -1.83      -1.74          8     2.67957     1535.55     0.994308     0.188934    -0.346947     0.198091   -0.0489437   0.00451839
      -1.74     -1.653          8     2.76375     2030.43      0.82482     0.774246    -0.730006      0.23799   -0.0240528 -0.000499724
     -1.653     -1.566          8     2.50219     1616.37     0.891201     0.537274    -0.547479     0.192219   -0.0235703  0.000258856
     -1.566     -1.479          8     2.62595     2038.22     0.921405     0.650085    -0.672833     0.238344   -0.0309085  0.000711855
     -1.479     -1.392          8      2.7863     2409.47      1.00294     0.523818    -0.592785      0.23894     -0.04024   0.00227585
     -1.392     -1.305          8     2.40315     2257.07      0.96489     0.695759    -0.716807     0.245757   -0.0244595  -0.00082654
     -1.305     -1.218          8    -2.91921     2114.37      1.20395    -0.542603    0.0389405     0.235314   -0.0953827    0.0106608
     -1.218     -1.131          8     2.73612     2719.73     0.872341     0.635316    -0.602878     0.234182   -0.0393045   0.00225665
     -1.131     -1.044          8     2.67848     3180.69     0.966675     0.431619    -0.546342     0.282235   -0.0664134   0.00590562
     -1.044     -0.957          8     2.46378     3220.68     0.520123      1.10057    -0.822412      0.26982   -0.0385061   0.00177623
     -0.957     -0.879          8     2.12984     3274.18     0.788667     0.629793    -0.617036     0.277681   -0.0592192   0.00488031
     -0.879     -0.783          8     2.13199     3692.52     0.718739     0.745957    -0.668629     0.275981    -0.053937   0.00407462
     -0.783     -0.696          8     2.48876     3786.27     0.388777       1.1622     -0.82352     0.266562   -0.0385139   0.00187812
     -0.696     -0.609          8     2.87411     4204.25     0.616719     0.852111    -0.711008     0.275033   -0.0496657   0.00338659
     -0.609     -0.522          8      2.6742     3756.39     0.548782     0.931597    -0.735133     0.272204   -0.0473429   0.00311322
     -0.522     -0.435          8      2.7376     4248.21     0.589773     0.827629    -0.678908     0.272512   -0.0532297   0.00406906
     -0.435     -0.348          8     1.73866      4586.3    -0.322519      2.23439     -1.26721     0.244051   0.00739375  -0.00483446
     -0.348     -0.261          8       2.757     4274.26     0.569318     0.894222    -0.721671     0.273234   -0.0486773   0.00329299
     -0.261     -0.174          8     3.15287     4291.18     0.397048      1.06968    -0.769013     0.267329   -0.0443016   0.00278367
     -0.174     -0.087          8     2.67681     4805.07     0.653825     0.684389    -0.613356     0.274751   -0.0598362   0.00506468
     -0.087          0          8      2.8277     4729.76     0.631424     0.726569    -0.633017     0.274271   -0.0578579   0.00475734
          0      0.087          8      2.6503     4796.94     0.592514     0.755694    -0.634187     0.272267   -0.0578766   0.00483558
      0.087      0.174          8      2.8389     4285.58     0.644647     0.702917    -0.620903     0.274416   -0.0591192   0.00495941
      0.174      0.261          8     2.54248     4681.39     0.692293     0.684044    -0.625663     0.275811   -0.0584774   0.00481152
      0.261      0.348          8     2.83489     4769.66      0.83178     0.490552    -0.551803     0.280344   -0.0658516    0.0058538
      0.348      0.435          8     2.64966     4269.43     0.795818      0.52543    -0.561918     0.279276   -0.0648394   0.00572419
      0.435      0.522          8     1.49248     4180.01     0.730944     0.608666    -0.585626     0.275458   -0.0624629   0.00548896
      0.522      0.609          8      2.6471     3771.32     0.722898      0.67294    -0.629544     0.277229   -0.0579638   0.00467267
      0.609      0.696          8     2.45613      4128.1     0.728058     0.657166    -0.619386      0.27695   -0.0590185   0.00485797
      0.696      0.783          8     2.74212     3740.39     0.742318     0.634637    -0.610372     0.277507   -0.0599745   0.00499348
      0.783      0.879          8     2.58613     3713.76     0.959616     0.355132    -0.498693     0.282489   -0.0712579   0.00667639
      0.879      0.957          8     2.75702     3264.17     0.695019     0.735911    -0.648413     0.274563    -0.056348   0.00451746
      0.957      1.044          8     2.55057     3179.89      0.91314     0.480111    -0.559949     0.280933   -0.0650419   0.00572073
      1.044      1.131          8      2.4332     3179.98     0.655938     0.893385    -0.732784     0.273162   -0.0476457   0.00315571
      1.131      1.218          8     2.99695     2682.37     0.674434     0.911189    -0.712365     0.227771   -0.0271932    0.0004111
      1.218      1.305          8     2.12324     2132.04     0.589484      1.20984    -0.931091     0.238599  0.000372152  -0.00496341
      1.305      1.392          8     1.92006     2201.46     0.423296      1.48047     -1.02578     0.223851   0.00981483  -0.00584492
      1.392      1.479          8     2.66596     1962.37      0.96033     0.489765    -0.504683     0.190703   -0.0296342   0.00141808
      1.479      1.566          8     2.41224     2041.87     0.646752      1.04021     -0.82128     0.226923   -0.0146768   -0.0016154
      1.566      1.653          8      2.6021     2108.67     0.863928     0.706362    -0.695371      0.23772   -0.0281918  0.000249508
      1.653       1.74          8     2.99937     1573.45      1.26194  -0.00525933      -0.3297     0.210324   -0.0501836   0.00425514
       1.74       1.83          8     2.58713     1480.88     0.903295     0.380043    -0.416767     0.156618   -0.0204635   0.00025416
       1.83       1.93          8     2.70657      1503.8     0.852793     0.306725      -0.3887     0.196038   -0.0432711   0.00353017
       1.93      2.043          8     2.91148     1043.28     0.978393    -0.129438    -0.111524      0.16988   -0.0627784   0.00749063
      2.043      2.172          8     2.87308      1030.7     0.735747    0.0728049    -0.159895     0.160339   -0.0561869   0.00662644
      2.172      2.322          8     3.05111     1015.98     0.732916   -0.0683451   -0.0701239     0.164381   -0.0684549   0.00869327
      2.322        2.5          8      3.3029     779.124      0.81508    -0.364255     0.122094     0.146989      -0.0836    0.0118814
        2.5       2.65          8     3.29601     787.282      0.75032    -0.386449     0.160672     0.146016   -0.0895433    0.0130658
       2.65      2.853          8     3.18044     570.537     0.930134    -0.888509     0.468649      0.14817    -0.134929    0.0221426
      2.853      2.964          8     3.85432     391.466     0.694027    -0.616296     0.429711      0.12262    -0.127328    0.0217888
      2.964      3.139          8     4.32347     387.725       1.1605     -1.58192     0.945721     0.186701    -0.241739    0.0441395
      3.139      3.314          8     4.39567     305.392     0.591465    -0.576654      0.43506     0.115841    -0.129983    0.0231247
      3.314      3.489          8     4.44164     289.296       0.5998    -0.515181     0.308246     0.126261    -0.089017    0.0117701
      3.489      3.664          8      5.2867     231.778      1.30581     -2.05746      1.14097     0.248168    -0.310376    0.0583964
      3.664      3.839          8     5.24465     185.485      1.81207      -3.1127      1.62892     0.415655     -0.49012    0.0939362
      3.839      4.013          8     5.87782     230.024      1.31857     -2.09376      1.09346     0.257294    -0.291922     0.053363
      4.013      4.191          8     5.31265     135.991     0.671738    -0.556529    0.0768191     0.158424    0.0021427   -0.0175509
      4.191      4.363          8     5.67083     159.078      1.88961     -3.24169      1.66945     0.426574    -0.505852     0.097278
      4.363      4.538          8     5.72808     119.073     0.809766    -0.710547    0.0561514     0.193501    0.0181483   -0.0293359
      4.538      4.716          8     5.23259     106.643     0.674789    -0.595287     0.105642     0.187936   0.00624036   -0.0300571
      4.716      4.889          8     4.72803     82.0072    0.0418431     0.239329     0.213356    0.0187534   -0.0739985   0.00512573
      4.889      5.191          8     4.28183     51.1271     0.615449   -0.0810043   -0.0353442    0.0138718   0.00115261    0.0140075
