     -5.191     -4.889          8     4.03314     47.6477     0.522965      0.10005   -0.0322022   -0.0543167   -0.0260601    0.0431251
     -4.889     -4.716          8     4.34545     56.7617     0.915389     -0.63103     -0.04596     0.270128     0.133561   -0.0960615
     -4.716     -4.538          8     4.25501     82.8256     0.804201    -0.512522   0.00023912     0.167882    0.0426863   -0.0347756
     -4.538     -4.363          8     4.84743     101.714     0.680483    -0.397872    0.0734235     0.106051   -0.0196297  -0.00334028
     -4.363     -4.191          8     4.83645     134.105     0.794708    -0.540249    0.0544169     0.140817  -0.00205059   -0.0132029
     -4.191     -4.013          8       4.951      164.23     0.711928    -0.525879     0.167969      0.13036   -0.0482834    0.0011315
     -4.013     -3.839          8     4.96119     159.343     0.714638     -0.53645     0.171418     0.136325   -0.0461789 -9.66726e-05
     -3.839     -3.664          8      4.8034     208.072     0.734863    -0.626534     0.273715     0.133204   -0.0822914    0.0108085
     -3.664     -3.489          8     4.77186     211.173     0.795551    -0.646488      0.26692     0.135981   -0.0802817    0.0101976
     -3.489     -3.314          8     4.24628     263.376     0.642277    -0.465397     0.298552     0.110982   -0.0925944    0.0154074
     -3.314     -3.139          8     4.58584     373.373     0.843764    -0.738205     0.408895     0.137803    -0.120195    0.0192332
     -3.139     -2.964          8     3.75517     385.729      1.23238     -1.46598     0.805443      0.18323     -0.20968    0.0371664
     -2.964     -2.853          8     2.92929     394.963      1.34708     -1.59979     0.843809      0.19496     -0.21752    0.0381557
     -2.853      -2.65          8     2.79896     547.642      1.10959    -0.942968     0.397065     0.160619      -0.1202    0.0184434
      -2.65       -2.5          8     2.03416     569.605      1.06925    -0.781243     0.324538     0.144908    -0.108863    0.0172798
       -2.5     -2.322          8     3.17117     771.443     0.932009    -0.384557    0.0750135     0.152686   -0.0753744    0.0100193
     -2.322     -2.172          8     2.94623     1015.68     0.963568    -0.243538   -0.0620922     0.177835    -0.068227   0.00804169
     -2.172     -2.043          8     2.76856     1019.91     0.959407    -0.144549    -0.110615     0.172177   -0.0621786   0.00724173
     -2.043      -1.93          8     2.64201     1046.52      1.13539    -0.265454   -0.0940979     0.179066   -0.0642506   0.00735782
      -1.93      -1.83          8     2.73662     1479.44     0.999528     0.113802    -0.279897     0.164864    -0.039251   0.00338593
      -1.83      -1.74          8     2.64051      1522.9      1.01687      0.23025    -0.388252     0.199033   -0.0434445   0.00351061
      -1.74     -1.653          8     1.83989     2018.37     0.908914     0.563023    -0.610609     0.237435   -0.0374951   0.00187547
     -1.653     -1.566          8     2.42843     2140.49      0.80682     0.702447    -0.663161     0.233518   -0.0321255   0.00110959
     -1.566     -1.479          8     2.42394     2020.18      0.96141      0.60509    -0.656892     0.238984    -0.032529  0.000984257
     -1.479     -1.392          8     2.64019     2406.81     0.980947     0.492407    -0.555097     0.236342   -0.0448506   0.00318122
     -1.392     -1.305          8     1.98176     2219.65     0.598959       1.1265    -0.845492     0.227385   -0.0106243  -0.00243783
     -1.305     -1.218          8     2.05771     2105.56     0.463855      1.43747     -1.03459     0.232645    0.0126513  -0.00683685
     -1.218     -1.131          8     2.31128     2687.84      0.74634      0.75125    -0.620609     0.226598   -0.0377104   0.00231112
     -1.131     -1.044          8     2.42847     3155.73     0.817272     0.674512    -0.650891     0.277892   -0.0557009   0.00431234
     -1.044     -0.957          8     2.38681     3206.96     0.678659     0.860965    -0.722801     0.273718   -0.0484518   0.00327584
     -0.957     -0.879          8     2.83308      3264.9     0.900286      0.48574     -0.56629      0.28179   -0.0642912   0.00555744
     -0.879     -0.783          8     2.74468     3678.35      0.74002     0.732875    -0.670429     0.277306   -0.0536697   0.00397981
     -0.783     -0.696          8     2.02049     3792.12     0.633644     0.795603    -0.669192     0.271689   -0.0539423   0.00424901
     -0.696     -0.609          8     2.49825     4193.02     0.695228     0.745687    -0.667389     0.276169   -0.0539615   0.00406547
     -0.609     -0.522          8     2.64664     3749.47     0.597786     0.839168    -0.690443      0.27265   -0.0518372   0.00384328
     -0.522     -0.435          8     2.82847     4225.82     0.490917     0.978749    -0.739665     0.268871   -0.0470435   0.00319779
     -0.435     -0.348          8     1.63185     4546.29    -0.255671      1.97359      -1.0832     0.231796   -0.0110318  -0.00122698
     -0.348     -0.261          8      2.9295     4646.63     0.605036     0.828707    -0.690612     0.273762   -0.0518312   0.00379548
     -0.261     -0.174          8     2.79999     4282.47     0.639199     0.742247     -0.64577     0.274326   -0.0564466   0.00453099
     -0.174     -0.087          8     2.85624     4796.57     0.712831     0.598763    -0.579327     0.276418   -0.0632287   0.00556208
     -0.087          0          8     2.84184     4744.63     0.752201     0.543303    -0.558504     0.277838   -0.0653093   0.00584931
          0      0.087          8     2.19331     4784.11     0.654171     0.654378     -0.58674     0.272439   -0.0625926   0.00562228
      0.087      0.174          8     2.56142     4276.65      0.65192     0.694426    -0.615102     0.273513    -0.059649   0.00509294
      0.174      0.261          8     2.61345     4669.71     0.681565     0.676758    -0.615586     0.274873   -0.0595186   0.00502046
      0.261      0.348          8     2.80292     4760.91     0.662768     0.700923    -0.622317     0.274165   -0.0589635   0.00495324
      0.348      0.435          8     2.75723      4243.6     0.609475     0.768215    -0.649031     0.272906   -0.0561913    0.0045414
      0.435      0.522          8     2.68961     4177.64     0.659757     0.758594    -0.661861     0.274849   -0.0546878   0.00422887
      0.522      0.609          8     2.90492     3760.13     0.529152     0.943133    -0.732686     0.270861   -0.0476295   0.00321415
      0.609      0.696          8     2.55257      4115.5     0.610498     0.792118    -0.660432      0.27224   -0.0550045   0.00437853
      0.696      0.783          8     2.57841     3715.11     0.684487     0.728146     -0.64902     0.275247   -0.0559999   0.00443245
      0.783      0.879          8      2.8994     3700.75     0.920576     0.418689    -0.528704     0.282144   -0.0681929   0.00617884
      0.879      0.957          8     2.58913     3252.56     0.705318     0.722592    -0.640777     0.273996   -0.0570953   0.00467105
      0.957      1.044          8     2.56423     3183.68     0.648199     0.861692    -0.707307     0.271969   -0.0503228    0.0036444
      1.044      1.131          8     2.89196     3167.34     0.706791     0.844784    -0.720649     0.274973    -0.048788   0.00327964
      1.131      1.218          8     2.70973     2675.35      0.97008     0.446144    -0.511902     0.237378   -0.0494937   0.00387899
      1.218      1.305          8    0.876532     2123.96     0.500191      1.23418    -0.883439     0.224136   -0.0044994  -0.00344653
      1.305      1.392          8     1.27091     2199.68      0.33098      1.51417     -0.98919     0.211909   0.00583898  -0.00459413
      1.392      1.479          8     2.85329     1948.22     0.781847     0.685787     -0.55746     0.181266   -0.0236804  0.000751831
      1.479      1.566          8     2.66394     2042.09     0.650334      1.00783    -0.791474     0.224802   -0.0183892 -0.000866878
      1.566      1.653          8     2.48895     2095.05     0.625719     0.993622    -0.784076     0.225961   -0.0187223 -0.000882077
      1.653       1.74          8     2.66422      2060.5      1.13492     0.186127    -0.444027      0.24637   -0.0565867   0.00478083
       1.74       1.83          8     2.27276      1473.4     0.975971     0.306463     -0.39288     0.158425   -0.0236077   0.00082536
       1.83       1.93          8       2.724     1500.12      1.02017     0.104397    -0.318433     0.203053   -0.0518045   0.00478545
       1.93      2.043          8     2.74097     1444.18      1.10924    -0.193353    -0.135218     0.177528   -0.0584508   0.00633701
      2.043      2.172          8     3.06652     1021.22      1.03519    -0.250273    -0.077001     0.178473   -0.0664295   0.00771935
      2.172      2.322          8     2.87647     1000.75      1.09482    -0.476926    0.0450794     0.185916   -0.0829713     0.010441
      2.322        2.5          8     3.25312     778.415      1.06912     -0.59919     0.161051     0.163804   -0.0883813    0.0120115
        2.5       2.65          8     3.02198     781.636      1.02748    -0.637538     0.196876     0.164724   -0.0935611    0.0129513
       2.65      2.853          8     2.85366     561.308      1.15319     -1.01233     0.423315     0.165508    -0.124576    0.0190479
      2.853      2.964          8     4.56549     387.215      1.01903    -0.861329     0.392119     0.155499    -0.112889    0.0160691
      2.964      3.139          8     4.27213     381.703     0.917041    -0.792275     0.402035     0.145719    -0.117005    0.0178239
      3.139      3.314          8     4.48614     311.554     0.740338    -0.674024     0.418676     0.127859    -0.124751    0.0207669
      3.314      3.489          8     4.53627     289.295     0.800372      -0.6662     0.281486     0.148282   -0.0783126   0.00724802
      3.489      3.664          8     5.28153     230.187     0.730165    -0.635063     0.279961     0.137139   -0.0826428   0.00913246
      3.664      3.839          8     5.12578     234.561     0.802082    -0.721515      0.25668     0.145217   -0.0762611   0.00835542
      3.839      4.013          8     5.57908     228.868     0.791384    -0.723693     0.253807     0.145653   -0.0751414   0.00843006
      4.013      4.191          8     6.05341      162.92     0.709483    -0.573353     0.153551     0.137019   -0.0422644  0.000208503
      4.191      4.363          8      5.2486      146.59     0.853531    -0.655119    0.0403222     0.167461    0.0107667   -0.0212017
      4.363      4.538          8     5.45011     105.738     0.652068    -0.404132    0.0574098    0.0999107   -0.0174139  -0.00077694
      4.538      4.716          8     5.14586     93.7788     0.824962    -0.598163   -0.0222385     0.181714    0.0534206   -0.0387162
      4.716      4.889          8      4.4986     68.3795     0.855743    -0.585464   -0.0894498     0.204443     0.110836   -0.0650823
      4.889      5.191          8     4.17423     52.4669     0.630435    -0.222444   -0.0298749    0.0803284    0.0318765   -0.0154495
