     -5.191     -4.889          8     3.20529     45.3588      1.01115    -0.485715    -0.204412     0.138426     0.136695   -0.0485246
     -4.889     -4.716          8      5.7431     77.2943     0.386011      0.14325    0.0971205   -0.0195101   -0.0652488    0.0223493
     -4.716     -4.538          8     3.36464      82.794     0.923204     -0.61568   -0.0320376     0.185617    0.0572996   -0.0402673
     -4.538     -4.363          8     4.28351     99.0054     0.786826    -0.428388   -0.0227767     0.115289    0.0225534    -0.017023
     -4.363     -4.191          8     4.01076     133.479     0.862677    -0.596936     0.042451     0.151634   0.00413815   -0.0164309
     -4.191     -4.013          8     4.27361     159.822     0.663328    -0.439671     0.166416     0.104159    -0.057795   0.00811288
     -4.013     -3.839          8     4.52422     164.361     0.828375     -0.65307     0.157592     0.160409   -0.0357286  -0.00635642
     -3.839     -3.664          8     4.25972     216.805     0.781361    -0.665792     0.269537     0.139238   -0.0802493   0.00927603
     -3.664     -3.489          8      4.7094     214.293     0.760156    -0.588036      0.26687     0.121787   -0.0851938    0.0131767
     -3.489     -3.314          8     4.20759     274.428     0.768243    -0.604804     0.290105     0.138692   -0.0828671   0.00896804
     -3.314     -3.139          8     5.08706     368.281     0.905583     -0.79857     0.402985     0.146856    -0.116924    0.0174896
     -3.139     -2.964          8     3.98253      383.61      0.91904    -0.784193     0.402525      0.14421    -0.117644    0.0180141
     -2.964     -2.853          8     4.13885     395.871      1.07485    -0.879806     0.379181     0.153234    -0.112105    0.0166233
     -2.853      -2.65          8     2.84132     548.021       1.1418    -0.871301     0.301822     0.164687    -0.102307    0.0144429
      -2.65       -2.5          8     3.05346      754.11     0.962613    -0.438449    0.0670057     0.160241   -0.0725698   0.00903227
       -2.5     -2.322          8     2.78477     772.912     0.901237    -0.239873   -0.0293006     0.149672   -0.0582258   0.00681817
     -2.322     -2.172          8     2.85283     1014.52     0.935977    -0.167536    -0.106517     0.175633   -0.0619364   0.00697621
     -2.172     -2.043          8     2.64702      1020.7     0.966306   -0.0719126    -0.176807     0.173436   -0.0522183   0.00530525
     -2.043      -1.93          8      2.8646     1052.47      1.20029    -0.278318    -0.122232     0.183122   -0.0597801   0.00633249
      -1.93      -1.83          8     2.87637      1490.1     0.811987     0.432657    -0.427686     0.154355   -0.0186746 -1.34788e-06
      -1.83      -1.74          8     2.20398     1526.15      1.06289     0.156175    -0.354934     0.200214   -0.0475242   0.00421428
      -1.74     -1.653          8     2.18991     1993.08     0.598131     0.986402    -0.725504     0.175305  -0.00155131  -0.00291744
     -1.653     -1.566          8      1.9891     2141.51     0.762022     0.746288    -0.670802     0.230209   -0.0313555   0.00113232
     -1.566     -1.479          8     2.77417     2020.32     0.687506     0.958907    -0.777054     0.227296   -0.0198177 -0.000733795
     -1.479     -1.392          8     2.33424     2417.99     0.817357     0.629487    -0.575554     0.228534   -0.0430996   0.00319479
     -1.392     -1.305          8    0.957064     2204.82     0.454668      1.32794    -0.915696     0.217206  -0.00217302  -0.00343194
     -1.305     -1.218          8    -9.47857     2138.77      3.13454     -2.92234     0.848679     0.318806    -0.193243    0.0255309
     -1.218     -1.131          8     2.79272     2694.48     0.625443     0.937478    -0.704232     0.223679   -0.0283613  0.000801683
     -1.131     -1.044          8     2.30045     3208.27     0.772279     0.694921    -0.643198     0.275299   -0.0566959   0.00457514
     -1.044     -0.957          8     2.76057     3204.22     0.517159      1.07763    -0.804612     0.268967   -0.0403404   0.00211428
     -0.957     -0.879          8     2.87986     3261.46     0.827024     0.574192    -0.595721     0.279291   -0.0614192   0.00517684
     -0.879     -0.783          8     2.99921     3678.75     0.690671     0.792819    -0.691353     0.275973    -0.051665   0.00369528
     -0.783     -0.696          8     2.40755     3783.42     0.484403      1.04457    -0.777888     0.267805   -0.0429567   0.00258643
     -0.696     -0.609          8      2.3712     4189.16     0.628055     0.831715    -0.698488     0.273721   -0.0507719   0.00363533
     -0.609     -0.522          8     2.67149     3745.38     0.373611      1.16246    -0.814411     0.264779   -0.0394478   0.00210906
     -0.522     -0.435          8     2.24976        4225     0.545304     0.859976    -0.676138     0.268521   -0.0535492   0.00429338
     -0.435     -0.348          8    0.646402     4565.22    0.0946583      1.46827    -0.880635     0.242075   -0.0317454   0.00182497
     -0.348     -0.261          8     2.64591     4639.06     0.669124     0.741708    -0.656871     0.275322    -0.055148   0.00428806
     -0.261     -0.174          8     2.92614     4761.31     0.579215     0.828749    -0.680575     0.272655   -0.0529402   0.00401525
     -0.174     -0.087          8     3.20039     4793.47     0.614725     0.761414    -0.650521     0.274037   -0.0560553   0.00446921
     -0.087          0          8     3.17482     4784.02     0.792403       0.5077    -0.551683      0.27968   -0.0659526   0.00588378
          0      0.087          8     2.89587     4782.13     0.620372     0.729261    -0.627563     0.273128   -0.0584828   0.00490659
      0.087      0.174          8     2.97362     4634.44     0.650832     0.703594    -0.623169     0.274403   -0.0588448   0.00491876
      0.174      0.261          8     2.75986     4683.89     0.679919      0.68939     -0.62327     0.274977   -0.0587472   0.00488942
      0.261      0.348          8     2.41172     4756.63     0.669296     0.682827    -0.611379     0.273648   -0.0600296   0.00515451
      0.348      0.435          8     2.75436     4226.78     0.654958     0.731475    -0.643197     0.274636   -0.0566704   0.00455836
      0.435      0.522          8     2.67958     4166.83     0.681976     0.704774    -0.635735     0.275674   -0.0573512   0.00463011
      0.522      0.609          8      2.5605     4193.23     0.582458      0.84287    -0.683826      0.27147   -0.0526126   0.00401603
      0.609      0.696          8     2.82236     4112.19     0.562772     0.875485    -0.699079     0.271506    -0.051109   0.00376058
      0.696      0.783          8     2.90168     3725.85       0.5988     0.842448    -0.691536     0.272788   -0.0518312   0.00383401
      0.783      0.879          8     3.10146     3709.24     0.831943     0.567147    -0.595054     0.280103    -0.061457   0.00514618
      0.879      0.957          8     2.55129     3242.15     0.574814     0.936303    -0.731547     0.269769   -0.0478683   0.00332134
      0.957      1.044          8     2.76862     3196.98     0.712747     0.772948    -0.675255     0.274563   -0.0535435   0.00407137
      1.044      1.131          8     2.80281     3171.82     0.718555     0.798829    -0.694743     0.275067   -0.0514737   0.00371514
      1.131      1.218          8     2.91664     2683.05     0.812669     0.673687    -0.605728     0.232066   -0.0390646   0.00229182
      1.218      1.305          8     2.19839     2148.27     0.774794     0.870358    -0.759305     0.239778   -0.0192953  -0.00153598
      1.305      1.392          8      2.1817     2217.07     0.241977       1.5944      -1.0104     0.210953   0.00730972  -0.00483485
      1.392      1.479          8     2.57993     1959.47     0.679402     0.788771    -0.579437     0.175017   -0.0213494  0.000616247
      1.479      1.566          8     2.31113     2037.46     0.510417      1.17891    -0.845259     0.217637    -0.012526  -0.00156547
      1.566      1.653          8      2.4063     2096.47     0.564641      1.11382    -0.845019     0.224246   -0.0116897  -0.00202077
      1.653       1.74          8     2.85879     2076.99     0.832184     0.619837    -0.616864     0.235213   -0.0375061   0.00194254
       1.74       1.83          8     2.43386     1491.95     0.675565     0.746832    -0.565954     0.139832  -0.00029951  -0.00268461
       1.83       1.93          8     2.63145     1497.66     0.977338     0.165108    -0.310985     0.163717   -0.0347473   0.00260129
       1.93      2.043          8     2.82314     1445.55     0.976873    0.0681123    -0.267689       0.1699   -0.0398014   0.00318409
      2.043      2.172          8      2.5404     1029.36       1.0443    -0.186214    -0.128719     0.177331   -0.0588971   0.00639698
      2.172      2.322          8     2.84993     998.618     0.928683    -0.117679    -0.122304     0.146706   -0.0438698   0.00419358
      2.322        2.5          8     3.29147     781.106     0.973817    -0.352524    0.0149833     0.156338   -0.0651407   0.00781416
        2.5       2.65          8     2.90458     784.942     0.963431    -0.438763    0.0681968     0.159801   -0.0727441       0.0091
       2.65      2.853          8      2.2063     564.509      1.14753    -0.958889      0.38358     0.161603    -0.117444    0.0179078
      2.853      2.964          8     4.42311     396.188      1.41023     -1.61463     0.776151     0.205683    -0.200425    0.0335233
      2.964      3.139          8     4.11962     381.978      0.98738    -0.844912     0.390223     0.151053    -0.113892    0.0170489
      3.139      3.314          8     3.75078     378.626       0.6963    -0.587813     0.407893     0.105633    -0.129595    0.0258492
      3.314      3.489          8     4.37138      292.97      1.44566     -1.98294      1.00071     0.256979    -0.269523     0.047403
      3.489      3.664          8     4.62827     225.144      0.75746    -0.632753     0.267903     0.130562   -0.0828979    0.0111803
      3.664      3.839          8     4.69023      231.43     0.817847    -0.720847      0.25295     0.142633   -0.0768313   0.00892358
      3.839      4.013          8     4.18876     230.511      1.47367     -2.14216      1.06182     0.246725    -0.284053    0.0537029
      4.013      4.191          8     4.49879     135.986      2.85042     -5.44672      3.14395      0.73505     -1.14865     0.266918
      4.191      4.363          8     5.10756     149.904     0.838653     -0.65229    0.0452622     0.168908     0.010008    -0.022221
      4.363      4.538          8      4.6604     147.427     0.842275    -0.631441    0.0448063     0.161866   0.00682443   -0.0207067
      4.538      4.716          8     4.42356     109.561     0.890411    -0.731593    0.0581451     0.205189    0.0217965   -0.0350201
      4.716      4.889          8     4.45824     75.8546     0.788046    -0.503841  -0.00495828     0.158129    0.0379997   -0.0330808
      4.889      5.191          8     3.67015     61.0872    0.0982976     0.398794     0.120083   -0.0994465    -0.101459    0.0491901
