     -5.191     -4.889          8     3.09641     51.1622     0.923247    -0.488437   -0.0926934     0.160868    0.0868706   -0.0522429
     -4.889     -4.716          8     3.93882     62.7797     0.845854    -0.424076   -0.0617586     0.156503    0.0782006   -0.0492719
     -4.716     -4.538          8      4.1314     89.2033      1.04173    -0.740483    -0.052963     0.219803    0.0758755   -0.0536845
     -4.538     -4.363          8     4.14701     135.155     0.795694    -0.503239    0.0518822     0.125939   -0.0084468  -0.00927679
     -4.363     -4.191          8     4.27425     132.486     0.982126    -0.728274    0.0242074     0.183393    0.0200895   -0.0257689
     -4.191     -4.013          8     4.33498       159.7     0.938923      -0.7542     0.135704     0.175509   -0.0270726  -0.00993129
     -4.013     -3.839          8     4.50673     208.829      1.59978     -2.21342      1.02138     0.283923    -0.272581    0.0463265
     -3.839     -3.664          8     4.52872     218.535      0.92138    -0.802407      0.25327     0.163529   -0.0699528   0.00413762
     -3.664     -3.489          8     4.37401     292.679     0.881699    -0.735668     0.261293     0.152826   -0.0745126   0.00633075
     -3.489     -3.314          8     4.16384      272.54     0.867665    -0.695615     0.276714     0.153453   -0.0760424   0.00608091
     -3.314     -3.139          8     4.14643     375.466     0.922663    -0.812604     0.399315     0.148177    -0.115915     0.017459
     -3.139     -2.964          8     4.00611     380.065      1.31361     -1.48625     0.741489     0.192748    -0.193266     0.032757
     -2.964     -2.853          8     3.63745     513.737      0.94949    -0.660976     0.270741     0.149516   -0.0979811    0.0142728
     -2.853      -2.65          8     4.28819     559.545      1.10864    -0.829326     0.285394     0.164004   -0.0998699    0.0138749
      -2.65       -2.5          8     3.65445     749.207      1.06198    -0.581076     0.132701     0.151942   -0.0736971   0.00923719
       -2.5     -2.322          8     3.36921     1014.48      1.10435    -0.537881     0.063459     0.190887   -0.0848856    0.0105082
     -2.322     -2.172          8     2.99054     1014.93      1.05131    -0.292421   -0.0780666     0.183691    -0.065175   0.00718946
     -2.172     -2.043          8     2.84481        1017     0.905121    0.0721636    -0.256114     0.170134   -0.0409282   0.00332266
     -2.043      -1.93          8     2.87345     1467.41      1.02121   0.00841053    -0.244682     0.172274   -0.0429385   0.00366611
      -1.93      -1.83          8     2.58768     1489.19     0.925796     0.272432    -0.366757     0.160759   -0.0267153   0.00122869
      -1.83      -1.74          8     2.40041     1507.01     0.717117     0.678116    -0.570716     0.183713   -0.0208386  0.000132504
      -1.74     -1.653          8     2.70565      2003.9     0.690824     0.865991    -0.727857     0.229748   -0.0248967  2.71895e-06
     -1.653     -1.566          8     2.77292     2047.88     0.687427      0.91421    -0.761488     0.229818   -0.0210793 -0.000646911
     -1.566     -1.479          8     2.81361     2057.89     0.541813      1.13839    -0.839166     0.221501   -0.0130154  -0.00167442
     -1.479     -1.392          8     2.49789     2400.61     0.866022     0.662182    -0.627172     0.232328   -0.0366199   0.00192952
     -1.392     -1.305          8     2.43291     2225.56     0.384767      1.47952     -1.00501      0.22089   0.00733131  -0.00528581
     -1.305     -1.218          8     2.05842     2424.56     0.253089      1.75211     -1.16926     0.225963    0.0280194  -0.00924638
     -1.218     -1.131          8     2.51521     2678.77     0.764869     0.745819    -0.631089     0.228724   -0.0362668   0.00196569
     -1.131     -1.044          8     2.42623     3198.91     0.784378     0.709613    -0.659299     0.276247   -0.0549488   0.00425296
     -1.044     -0.957          8     2.66064      3202.7     0.654944     0.883893    -0.728844     0.273035    -0.047924   0.00321056
     -0.957     -0.879          8     2.45716      3617.6     0.646406     0.845918    -0.703298     0.272715   -0.0505242   0.00364476
     -0.879     -0.783          8     2.52859     3689.31     0.671107      0.78855    -0.678243     0.274167   -0.0530086   0.00398877
     -0.783     -0.696          8     2.68665     4145.01     0.595461      0.89522    -0.726588     0.272748   -0.0480504   0.00322479
     -0.696     -0.609          8      2.6532     4178.26     0.578916     0.885936    -0.714385     0.272154   -0.0493329   0.00345185
     -0.609     -0.522          8     2.75547      4184.2     0.590294     0.862795    -0.704216     0.272704   -0.0503828    0.0036009
     -0.522     -0.435          8     2.88218     4226.21     0.603519     0.833381    -0.690938      0.27335   -0.0517799   0.00380294
     -0.435     -0.348          8     2.64283      4733.1     0.606525     0.807921    -0.674329     0.272679   -0.0534894   0.00411494
     -0.348     -0.261          8     2.70399     4692.67     0.621191     0.782728    -0.662908     0.273162   -0.0546954   0.00429328
     -0.261     -0.174          8     3.10577     4725.56     0.603863     0.792115     -0.66552      0.27349    -0.054497   0.00423729
     -0.174     -0.087          8     2.83829     4759.05     0.668452       0.6915    -0.623428     0.275096   -0.0586985   0.00487143
     -0.087          0          8     2.94946     4766.86     0.742011     0.584062    -0.581598     0.277663   -0.0629135   0.00546509
          0      0.087          8     2.78299     4799.88     0.718998     0.585213    -0.570072     0.276005   -0.0642241   0.00574386
      0.087      0.174          8     2.99996     4742.99     0.662811     0.661541    -0.599458     0.274554   -0.0612977   0.00531254
      0.174      0.261          8     2.78705     4685.06     0.768052      0.55652    -0.570627     0.277965   -0.0640078   0.00563841
      0.261      0.348          8     2.87115     4743.31     0.622689     0.761044    -0.647649     0.273116   -0.0563702   0.00456479
      0.348      0.435          8     2.76018     4676.23     0.606233      0.77491    -0.650796     0.272458   -0.0560213   0.00453251
      0.435      0.522          8     2.75622     4204.59      0.67046     0.690889    -0.619523     0.274652   -0.0591366   0.00496005
      0.522      0.609          8      2.7386     4189.84     0.596809     0.818435    -0.674528     0.272303   -0.0535429   0.00413212
      0.609      0.696          8     2.73236     4166.36     0.606865     0.816667    -0.676687     0.272587   -0.0533049   0.00408469
      0.696      0.783          8     2.65066      3724.9     0.575251     0.871819    -0.698193      0.27088   -0.0511956   0.00381086
      0.783      0.879          8     2.90704      3669.8     0.751961     0.670031     -0.63121     0.277195   -0.0578225   0.00465882
      0.879      0.957          8     2.80227     3234.63     0.682421     0.783574     -0.67662     0.274352   -0.0533017   0.00403093
      0.957      1.044          8     2.77636     3185.63     0.690163     0.794932    -0.682088     0.273951   -0.0527991   0.00396909
      1.044      1.131          8     2.89149     3176.35     0.834792     0.599558    -0.603636       0.2777    -0.060836   0.00515486
      1.131      1.218          8     2.64797     3094.59     0.749628     0.775343    -0.688608     0.276166   -0.0518864   0.00373684
      1.218      1.305          8     2.36501      2483.9     0.310373      1.62254     -1.09219      0.22497    0.0184493  -0.00749417
      1.305      1.392          8     1.84826     2216.06      0.32804      1.48028    -0.968028     0.214035   0.00276698  -0.00417527
      1.392      1.479          8     2.58148     2407.02     0.662848     0.913236    -0.710643      0.22366   -0.0277381  0.000751417
      1.479      1.566          8     2.93115     2535.87     0.596847      1.05014    -0.799498     0.223289     -0.01759 -0.000958986
      1.566      1.653          8     2.89374     2035.11     0.676312     0.936444    -0.770825     0.229312   -0.0201168 -0.000791833
      1.653       1.74          8     2.78067     2059.91     0.770238     0.740246    -0.676496     0.233365   -0.0305803   0.00082519
       1.74       1.83          8      2.7636     1502.46     0.894883     0.488406    -0.525236     0.194475   -0.0258655   0.00055169
       1.83       1.93          8     2.72256     1504.04     0.890975     0.332256    -0.425377     0.197006   -0.0382959   0.00262737
       1.93      2.043          8     2.81482     1458.78      1.05092     -0.06621    -0.205422       0.1745   -0.0483864   0.00458114
      2.043      2.172          8     2.65936     1015.86      1.01115    -0.103709    -0.176867     0.175994   -0.0519023   0.00512783
      2.172      2.322          8     2.94548     1012.45      1.02586    -0.258975   -0.0935405     0.182968   -0.0628647   0.00677463
      2.322        2.5          8     3.09364     971.838      1.07033    -0.501571    0.0762086     0.163397   -0.0742994   0.00926871
        2.5       2.65          8     3.50894     768.291      1.08996    -0.635856     0.148262     0.170272   -0.0851273    0.0109854
       2.65      2.853          8     3.84849     564.819        1.075    -0.748804     0.238023     0.160635   -0.0913081    0.0123026
      2.853      2.964          8     3.55659     519.894      1.36259     -1.46082      0.68303     0.185146    -0.172906    0.0282998
      2.964      3.139          8     3.93483     518.264      1.05228    -0.983609     0.471015     0.160801    -0.133573    0.0210237
      3.139      3.314          8     4.15836     379.827     0.880418    -0.781532     0.396748     0.140121    -0.118038    0.0190872
      3.314      3.489          8     4.40048     289.769      1.44786     -1.93182     0.951103     0.252809    -0.256569    0.0446295
      3.489      3.664          8     4.68532     226.683     0.782016    -0.648349     0.262462     0.131502   -0.0818021    0.0111146
      3.664      3.839          8     4.78045     237.348     0.909926    -0.823395     0.246335     0.163185   -0.0693669   0.00427255
      3.839      4.013          8     4.96685     230.944     0.894157    -0.823354     0.247375      0.16366   -0.0691517   0.00437643
      4.013      4.191          8     3.74976     165.136      2.37963       -4.063      2.13517     0.481459    -0.654611     0.137098
      4.191      4.363          8     4.87862     146.989     0.912156    -0.695354    0.0254974     0.170913    0.0146756   -0.0218648
      4.363      4.538          8     4.63433     142.907     0.940707    -0.729188    0.0236851     0.180629     0.018455   -0.0253745
      4.538      4.716          8     4.85583     102.482      1.03896    -0.845747    0.0166978     0.215618    0.0339336   -0.0357679
      4.716      4.889          8     4.60734     89.9577     0.833985    -0.554946   -0.0149176     0.171625     0.046628   -0.0367678
      4.889      5.191          8     4.01992     57.6094     0.724887    -0.307803   -0.0608158    0.0945496    0.0448932   -0.0236517
