#
#     CMSSW_1_2_0 JETS for Midpoint Cone R=0.5
#
#     Simulation Release CMSSW_1_2_0, Reconstruction Release CMSSW_1_2_0,
#     CaloTowers using Scheme B cell energy cuts, No Pileup.
#
#     Seed Threshold = 1.0 GeV ET, Tower Threshold = 0.5 GeV ET.
#     Response fits with Gaussian truncated at 1 sigma and automatic fitting.
#
 0.226 1 1.0 18.0 23.0 0.02093 -10.97781 0.25796 -3.04005 0.71749 5.90346 0.99000
 0.441 1 1.0 18.0 23.0 0.05934 421.87849 -0.93829 -3.04051 0.69860 6.66432 0.98363
 0.751 1 1.0 18.0 23.0 0.17459 509.38095 -3.69790 -3.05567 0.69935 6.65943 0.98438
 0.991 1 1.0 18.0 23.0 0.10604 736.91237 -2.60306 -3.08252 0.67564 7.47031 0.98226
 1.260 1 1.0 18.0 23.0 0.13414 770.76735 -3.46469 -3.14453 0.63741 9.22794 0.97638
 1.496 1 1.0 18.0 23.0 0.06966 77.89467 -0.39201 -3.19676 0.56452 10.73220 0.97396
 1.757 1 1.0 18.0 23.0 0.21127 478.40051 -4.40965 -3.54613 0.49140 9.95860 1.08834
 2.046 1 1.0 18.0 23.0 0.01813 -10.98795 0.26505 -3.38593 0.70328 6.74709 1.06136
 2.295 1 1.0 18.0 23.0 0.29222 599.27669 -6.88793 -3.25165 1.10207 2.01091 1.04699
 2.487 1 1.0 18.0 23.0 0.38250 376.20746 -7.16629 -3.12292 1.41309 -0.15339 1.03617
 2.690 1 1.0 18.0 23.0 0.45735 435.49069 -9.27254 -1.45616 0.44022 -1.49576 1.01901
 2.916 1 1.0 18.0 23.0 0.10322 10.36808 -0.05175 -1.73865 0.74075 -1.36877 1.00002
 3.284 1 1.0 18.0 23.0 0.36935 419.47610 -7.22096 -0.82706 0.47157 -1.49767 0.81226
 4.000 1 1.0 18.0 23.0 0.29350 190.12816 -3.69814 -0.60049 0.33811 -1.49782 0.81839
 4.400 1 1.0 18.0 23.0 0.11636 8.77491 -0.10508 -0.41920 0.19958 -1.42852 0.78632
 4.800 1 1.0 18.0 23.0 0.58233 634.34826 -14.49458 -0.49388 0.18348 -1.49356 0.73714
