 0.226 1 1.0 18.0 23.0 0.02534 1104.34046 -0.56512 -3.04036 0.56518 6.85506 0.98492
 0.441 1 1.0 18.0 23.0 -0.00256 -11.35354 0.29142 -3.18200 0.61671 7.49053 0.98122
 0.751 1 1.0 18.0 23.0 0.04206 239.78771 -0.39033 -3.04678 0.56452 7.08845 0.97738
 0.991 1 1.0 18.0 23.0 0.01499 942.39333 -0.18335 -3.14862 0.55851 8.85198 0.96961
 1.260 1 1.0 18.0 23.0 0.01645 942.05350 -0.24040 -3.13873 0.51732 9.33626 0.96369
 1.496 1 1.0 18.0 23.0 0.07401 786.06673 -1.83017 -3.33858 0.50281 10.46606 0.98919
 1.757 1 1.0 18.0 23.0 0.00144 -11.08096 0.26757 -3.69388 0.42063 10.30313 1.11636
 2.046 1 1.0 18.0 23.0 0.08409 293.88020 -1.19178 -12.75511 7.88104 88.52401 1.08855
 2.295 1 1.0 18.0 23.0 0.25921 616.21396 -6.19254 -3.34500 0.86005 2.48398 1.08020
 2.487 1 1.0 18.0 23.0 0.22369 283.17950 -3.50563 -3.21108 1.12206 -1.36974 1.06776
 2.690 1 1.0 18.0 23.0 0.37096 581.77727 -8.67015 -1.97684 0.53396 -1.47599 1.06454
 2.916 1 1.0 18.0 23.0 0.33494 323.16765 -5.72248 -1.39872 0.37157 -1.48951 1.04067
 3.284 1 1.0 18.0 23.0 0.03579 -7.60694 0.40396 -2.89890 2.06995 2.25196 0.96682
 4.000 1 1.0 18.0 23.0 0.09218 10.98428 0.15034 -0.42875 0.15863 -1.49986 0.97887
 4.400 1 1.0 18.0 23.0 0.08815 -5.36056 0.40531 -0.55959 0.16861 -1.47535 1.13673
 4.800 1 1.0 18.0 23.0 0.10902 -3.95112 0.25573 -5.66283 1.28911 19.27750 1.54013
