 0.226 1 1.0 18.0 23.0 0.11144 666.61453 -2.60311 -3.06528 0.69562 7.40150 0.97989
 0.441 1 1.0 18.0 23.0 0.05122 1009.57202 -1.33254 -3.05913 0.67364 7.62437 0.97696
 0.751 1 1.0 18.0 23.0 0.10668 743.23222 -2.63589 -2.99232 0.65384 7.22234 0.97215
 0.991 1 1.0 18.0 23.0 0.12313 821.24212 -3.26081 -3.16370 0.68385 9.11926 0.96240
 1.260 1 1.0 18.0 23.0 0.03933 941.59395 -0.93143 -3.19320 0.63017 10.44008 0.95653
 1.496 1 1.0 18.0 23.0 0.10042 530.05821 -2.06749 -3.20856 0.57489 9.87483 0.97458
 1.757 1 1.0 18.0 23.0 0.16480 534.70597 -3.58081 -3.62617 0.49811 10.05972 1.09970
 2.046 1 1.0 18.0 23.0 0.19711 584.93479 -4.52141 -3.45108 0.74572 6.29582 1.06957
 2.295 1 1.0 18.0 23.0 0.34671 528.17900 -7.72063 -3.25768 1.16377 0.51099 1.05498
 2.487 1 1.0 18.0 23.0 0.34913 372.50945 -6.46837 -2.52950 0.97330 -1.43637 1.04509
 2.690 1 1.0 18.0 23.0 0.48963 522.99407 -10.91527 -1.62320 0.51244 -1.49811 1.04256
 2.916 1 1.0 18.0 23.0 0.48529 351.28555 -8.79506 -1.15374 0.37434 -1.49983 1.01478
 3.284 1 1.0 18.0 23.0 0.33123 390.79218 -6.12964 -1.31378 0.75705 -0.98380 0.93398
 4.000 1 1.0 18.0 23.0 0.31685 213.54425 -4.11607 -0.22141 0.11303 -1.49974 0.95454
 4.400 1 1.0 18.0 23.0 0.06727 -8.70804 0.58075 -0.47004 0.18205 -1.46261 1.11963
 4.800 1 1.0 18.0 23.0 0.09423 -5.42942 0.37655 -6.74757 1.28006 31.52955 1.63368
