 0.226 1 1.0 18.0 23.0 0.17534 727.75108 -4.51208 -2.83937 0.73189 1.70566 0.97532
 0.441 1 1.0 18.0 23.0 0.36264 557.53108 -8.41685 -2.90097 0.73976 2.31696 0.97329
 0.751 1 1.0 18.0 23.0 0.41787 525.16620 -9.46958 -2.81139 0.71102 1.77146 0.96814
 0.991 1 1.0 18.0 23.0 0.31738 486.26062 -6.85976 -2.92274 0.70119 3.64714 0.95985
 1.260 1 1.0 18.0 23.0 0.03264 -9.66386 0.13738 -3.08785 0.72853 4.96721 0.95217
 1.496 1 1.0 18.0 23.0 0.40522 421.32185 -8.29398 -3.03232 0.63768 3.81169 0.97013
 1.757 1 1.0 18.0 23.0 -0.20360 735.95372 5.78005 -3.43733 0.59227 4.56669 1.08259
 2.046 1 1.0 18.0 23.0 0.51555 423.18011 -10.54950 -3.32335 0.90310 1.02079 1.05821
 2.295 1 1.0 18.0 23.0 0.06316 -10.15213 0.21382 -2.14983 0.61171 -1.27988 1.05280
 2.487 1 1.0 18.0 23.0 0.10697 -3.97530 0.05352 -2.08187 0.73901 -1.37111 1.05066
 2.690 1 1.0 18.0 23.0 0.49132 169.16449 -6.20157 -1.15820 0.33105 -1.48054 1.03873
 2.916 1 1.0 18.0 23.0 0.17404 9.99874 -0.36124 -1.71352 0.81123 -1.48314 1.03138
 3.284 1 1.0 18.0 23.0 0.04013 -10.16629 0.46876 -0.77700 0.35812 -1.47733 0.92557
 4.000 1 1.0 18.0 23.0 0.38188 163.50562 -4.40308 -0.21429 0.12004 -1.49901 0.96299
 4.400 1 1.0 18.0 23.0 0.06264 -8.85671 0.64929 -2.31153 1.81038 10.62177 1.20028
 4.800 1 1.0 18.0 23.0 0.10330 -8.30783 0.39226 -1.73409 0.50178 -1.49266 1.33164
