     -5.191     -4.889          8      3.1481     35.4719     0.800642      -0.2664    -0.117577     0.141016     0.136926   -0.0822082
     -4.889     -4.716          8     3.73633     42.9742     0.616927    -0.141035   -0.0202336     0.117319    0.0782845   -0.0554889
     -4.716     -4.538          8     3.72895     68.2808     0.762039    -0.352058   -0.0808112     0.140998    0.0964559   -0.0561937
     -4.538     -4.363          8     4.19018     96.9122     0.925762    -0.546906    -0.115811     0.160903     0.100262   -0.0515232
     -4.363     -4.191          8      4.4566     98.1872     0.889405    -0.547287    -0.113449     0.161455     0.100559   -0.0506888
     -4.191     -4.013          8     4.68317     172.614      1.58247     -2.40576      1.21477     0.306765    -0.346794    0.0643541
     -4.013     -3.839          8     4.91341     217.928      1.55205     -2.28671      1.13196     0.242497    -0.274669    0.0485147
     -3.839     -3.664          8     5.02772      234.15      1.47002     -2.09857      1.01781     0.227496     -0.24436    0.0421975
     -3.664     -3.489          8     5.10979     243.059       1.5176      -2.2568      1.14715     0.236393    -0.279978    0.0502602
     -3.489     -3.314          8     4.83646     247.353      1.54407     -2.37919       1.2651     0.241769    -0.312212    0.0576878
     -3.314     -3.139          8      4.7364     351.007      1.30231     -1.76505     0.935327     0.147934    -0.198592    0.0351566
     -3.139     -2.964          8     4.29099     335.617      1.24076     -1.53267     0.833735     0.127927    -0.177716    0.0317155
     -2.964     -2.853          8      3.6061     378.984      1.47775     -1.86347     0.991593     0.160411    -0.209488    0.0366613
     -2.853      -2.65          8     3.32319     520.058       1.1596     -1.06712     0.553863    0.0666001   -0.0906412    0.0146372
      -2.65       -2.5          8     3.07315     542.285      1.26667     -1.12655     0.567053     0.067413   -0.0939312    0.0154128
       -2.5     -2.322          8      3.0656     734.741      1.28614      -1.0556     0.515489    0.0639467   -0.0854029    0.0138968
     -2.322     -2.172          8     2.98304     754.497      1.22203    -0.779214     0.360453     0.042198   -0.0539305   0.00835148
     -2.172     -2.043          8     2.83876     545.042      1.29742    -0.776178     0.333508    0.0499147   -0.0550364   0.00856094
     -2.043      -1.93          8     2.71411     966.276      1.19021    -0.424415     0.147778    0.0273548   -0.0216751   0.00289613
      -1.93      -1.83          8     2.79032     756.616      1.05851   -0.0796884   -0.0269138    0.0119126   0.00538618  -0.00167447
      -1.83      -1.74          8     2.76816     756.453      1.06709   -0.0522102   -0.0316432   0.00651013   0.00438534 -0.000952837
      -1.74     -1.653          8     2.79069     785.491     0.926261     0.227718    -0.176534  -0.00393778    0.0267718  -0.00490229
     -1.653     -1.566          8     2.81833     1154.48     0.670869     0.652504    -0.369775   -0.0167869    0.0508638  -0.00864198
     -1.566     -1.479          8     2.74832     829.897      1.01073   0.00393197   -0.0321565  -0.00221811   0.00197605  8.03882e-05
     -1.479     -1.392          8     2.67858     1532.55      1.08693   -0.0404121    -0.024626   0.00432452   0.00260903 -0.000544301
     -1.392     -1.305          8     2.55363     1892.16       0.6608     0.805663    -0.463859  -0.00970584    0.0591148   -0.0101589
     -1.305     -1.218          8      2.6171     736.792     0.788503     0.560005    -0.354564    -0.018683    0.0612763   -0.0114928
     -1.218     -1.131          8     2.79793     1096.44     0.877295     0.265309    -0.141502  -0.00789618     0.018322   -0.0029754
     -1.131     -1.044          8     2.61175     1103.38      1.04166  -0.00513038   -0.0221208   0.00240948   0.00221421 -0.000446282
     -1.044     -0.957          8      2.6163     2895.25      1.03279  -0.00468837   -0.0164986    0.0021613   0.00142823 -0.000303422
     -0.957     -0.879          8     2.73311     3389.42     0.995919    0.0117009   -0.0130632  0.000946851  0.000875573 -0.000166665
     -0.879     -0.783          8     2.63551     3146.32     0.858912      0.27485    -0.152094   0.00198196     0.015885   -0.0026988
     -0.783     -0.696          8      2.7471     1994.66     0.984533    0.0153013   -0.0153884   0.00159112    0.0014559 -0.000289205
     -0.696     -0.609          8      2.7643     2010.12       0.9749    0.0241916   -0.0120478  0.000861497  0.000919145 -0.000195401
     -0.609     -0.522          8     2.77177     3667.18     0.949408    0.0403697  -0.00959824 -0.000323513  0.000471255   -6.518e-05
     -0.522     -0.435          8     2.69878     2417.89     0.980475    0.0287892   -0.0129393  0.000495295  0.000962906 -0.000137706
     -0.435     -0.348          8     2.71848     3682.99     0.950936    0.0491787   -0.0107907  -0.00126799  0.000373066  2.64454e-05
     -0.348     -0.261          8      2.8551     4361.79      0.93473    0.0565828  -0.00875493  -0.00135989  0.000231784   2.0911e-05
     -0.261     -0.174          8     2.78066     2869.73     0.904964     0.083392  -0.00836772  -0.00368001 -0.000272513  0.000208824
     -0.174     -0.087          8     2.76035     3188.97     0.822648     0.231877   -0.0824382  -0.00397757   0.00788601  -0.00115072
     -0.087          0          8     2.80416     3603.64     0.897616     0.092515  -0.00649696  -0.00382397 -0.000401736  0.000215476
          0      0.087          8     2.81727     2762.43     0.919525    0.0823281  -0.00839461  -0.00318877 -0.000101952  0.000177882
      0.087      0.174          8      2.7882     2776.99     0.944188    0.0560152  -0.00905708 -0.000855832  0.000441863  -3.4967e-05
      0.174      0.261          8     2.79661     4308.18     0.904355     0.132551   -0.0509488 -0.000713867   0.00486547 -0.000778735
      0.261      0.348          8     2.79641     2385.05     0.957555    0.0429878  -0.00958381  7.98547e-05  0.000641864 -0.000128122
      0.348      0.435          8     2.77976     3289.31      0.95632    0.0421664  -0.00962144 -0.000362781  0.000477571 -6.03449e-05
      0.435      0.522          8      2.8054      2827.5     0.966406     0.034106   -0.0100742  0.000611516  0.000750218 -0.000184779
      0.522      0.609          8     2.80092     1515.63     0.946996    0.0509453   -0.0110068 -0.000917111  0.000540695 -7.91442e-05
      0.609      0.696          8     2.83962     1516.89     0.976296    0.0193461   -0.0120995   0.00221799   0.00135143 -0.000386785
      0.696      0.783          8     2.77798     1080.07      1.00437    0.0068928    -0.017212   0.00280362   0.00199158 -0.000511237
      0.783      0.879          8     2.77609     1491.98      1.00766 -0.000915698   -0.0157237   0.00427612   0.00222874 -0.000696183
      0.879      0.957          8      2.6836     1074.37     0.983665    0.0401852   -0.0190224    -0.001803   0.00103759  4.57089e-05
      0.957      1.044          8      2.7889     2860.43      1.01417    0.0200845   -0.0170148  -0.00025344  0.000965892 -6.99724e-05
      1.044      1.131          8      2.7684     1082.08      1.04795   0.00124368   -0.0216843   0.00184723   0.00201654 -0.000406634
      1.131      1.218          8     2.76536     1483.54      1.08037  -0.00826455    -0.026156   0.00164198   0.00234404 -0.000332388
      1.218      1.305          8     2.45498     1015.74      1.00555     0.185729    -0.146307   0.00200224    0.0208157  -0.00396582
      1.305      1.392          8     2.54399     1883.57     0.913492     0.415667    -0.267365   -0.0025265    0.0337179  -0.00586389
      1.392      1.479          8     2.71597     752.802      1.07337  -0.00759359   -0.0315031  0.000541536    0.0027042 -0.000275175
      1.479      1.566          8     2.98467     804.169      0.83195     0.517821    -0.335689   -0.0160139    0.0508179  -0.00895929
      1.566      1.653          8     2.62204     1155.88      0.90291     0.323777    -0.223418  -0.00622045    0.0303084  -0.00523131
      1.653       1.74          8     2.67557     779.398      1.15563    -0.100853   -0.0392034    0.0101774   0.00583852  -0.00141568
       1.74       1.83          8     2.72119     1039.41      1.11919    -0.106027   -0.0296273    0.0114894    0.0049343  -0.00143319
       1.83       1.93          8      2.6835     783.104      1.19317    -0.408278     0.144977    0.0230898   -0.0223812   0.00333038
       1.93      2.043          8     2.80343     788.534      1.14416    -0.431879     0.158275    0.0265899   -0.0234618   0.00328979
      2.043      2.172          8     2.89547     775.338      1.13904    -0.555702     0.232493    0.0327278   -0.0343567   0.00504541
      2.172      2.322          8     3.04637     782.491      1.16692    -0.734582     0.335348    0.0403959   -0.0499664   0.00766758
      2.322        2.5          8     3.22069     566.682      1.27036      -1.0707     0.515413    0.0649208   -0.0853421    0.0138424
        2.5       2.65          8     3.18277     566.877      1.34113      -1.3094     0.649929    0.0763062    -0.108221    0.0179046
       2.65      2.853          8     3.43354     545.813      1.31118     -1.40067     0.716127    0.0816896     -0.11895    0.0197231
      2.853      2.964          8     3.71965      393.43      1.32328     -1.59617     0.854916     0.138722    -0.179924    0.0313888
      2.964      3.139          8     4.17801     350.535      1.18789     -1.60415     0.957725     0.121964    -0.208425    0.0390624
      3.139      3.314          8     4.63083     358.481      1.32769     -1.93011      1.08132     0.151985    -0.233171    0.0427521
      3.314      3.489          8     4.93135     336.095      1.36413     -1.94596      1.02255     0.163381    -0.216541    0.0382227
      3.489      3.664          8     4.95933     243.403      1.47649     -2.16575      1.09855     0.226912    -0.267775    0.0480679
      3.664      3.839          8     5.03599     179.673      1.56716     -2.30219      1.10025     0.302975    -0.308523    0.0546726
      3.839      4.013          8     4.93942     178.408      1.59438     -2.33586      1.10272     0.308935    -0.308166    0.0540621
      4.013      4.191          8     4.70407     137.615     0.716146    -0.414557   -0.0443268     0.127731    0.0622905   -0.0353252
      4.191      4.363          8     4.41403     133.343     0.833854    -0.499404    -0.070872     0.139951    0.0724446   -0.0379729
      4.363      4.538          8     4.11366     97.1708     0.839245    -0.456023   -0.0964204     0.138464    0.0860518   -0.0441034
      4.538      4.716          8     3.70796     69.4435     0.774441    -0.366879   -0.0854063     0.144289    0.0993682   -0.0572592
      4.716      4.889          8     3.71593     42.5777      0.60485    -0.123238   -0.0141373     0.112992    0.0740751   -0.0536855
      4.889      5.191          8     3.13697     35.7816     0.790859    -0.246833    -0.111447     0.134129      0.13033   -0.0788601
