     -5.191     -4.889          8      2.8852     48.7741     0.730081    -0.161978   -0.0704207    0.0852595    0.0721801   -0.0437732
     -4.889     -4.716          8     3.25343     63.6443     0.613719   -0.0747706   -0.0132047    0.0687038    0.0415771   -0.0308901
     -4.716     -4.538          8     3.33013     69.5853     0.789096    -0.377762   -0.0936192     0.142398     0.100207   -0.0566299
     -4.538     -4.363          8      3.7143     96.2541     0.856548    -0.470051    -0.102472     0.139571    0.0877285    -0.044501
     -4.363     -4.191          8      4.0757     125.775       0.8377    -0.505026   -0.0718838     0.141419    0.0733713    -0.038299
     -4.191     -4.013          8       4.327     135.454     0.774834    -0.452359   -0.0621051     0.129401    0.0664926   -0.0351537
     -4.013     -3.839          8     4.43951     219.933      1.60907     -2.37518      1.15117     0.255871    -0.278067    0.0480547
     -3.839     -3.664          8     4.63034     178.924     0.679277    -0.367134   -0.0284279      0.10254    0.0442951   -0.0237441
     -3.664     -3.489          8     4.64634     242.634      1.41316     -1.99902     0.972384     0.218749    -0.232755    0.0398369
     -3.489     -3.314          8     4.69294     243.808       1.4814     -2.13644      1.06237     0.230485    -0.256718    0.0447107
     -3.314     -3.139          8     4.39381     350.026      1.31647     -1.77278     0.918316     0.152824     -0.19375    0.0335747
     -3.139     -2.964          8     3.95228     437.515      1.29517     -1.64663     0.911257     0.104812    -0.172034    0.0305005
     -2.964     -2.853          8     3.08901     522.919      1.21475     -1.58998      1.00121     0.067275    -0.173973    0.0318986
     -2.853      -2.65          8     2.96587     529.069       1.4526     -1.56255     0.770098    0.0938424    -0.127549    0.0207553
      -2.65       -2.5          8     2.81841     546.379      1.30503     -1.14639     0.549198    0.0720529   -0.0901706    0.0143209
       -2.5     -2.322          8     2.72689     739.037      1.42044     -1.24942     0.583551    0.0767584   -0.0964628    0.0154442
     -2.322     -2.172          8     2.60935     760.627       1.3191    -0.937628     0.427669    0.0495492   -0.0642786    0.0100161
     -2.172     -2.043          8     2.64731     745.545      1.19194    -0.552524     0.211983    0.0406087   -0.0337724   0.00463945
     -2.043      -1.93          8     2.53441     746.816      1.07496    -0.148355   -0.0280281    0.0241367   0.00926807  -0.00361694
      -1.93      -1.83          8     2.48505      757.91       1.2348    -0.378171     0.103044    0.0257342   -0.0150107   0.00172662
      -1.83      -1.74          8      2.4731     758.635      1.10039   -0.0911849   -0.0325446     0.011359   0.00567125  -0.00157705
      -1.74     -1.653          8     2.57611     786.918      1.09666   -0.0819641   -0.0348194   0.00900626   0.00520235  -0.00127812
     -1.653     -1.566          8     2.48334     1147.63     0.855283     0.306621    -0.205536  -0.00587885    0.0281306  -0.00486659
     -1.566     -1.479          8     2.67749     825.906        1.014  -0.00442977   -0.0318855 -0.000980774   0.00227973 -7.32023e-05
     -1.479     -1.392          8     2.57708     1045.68      1.09492   -0.0601666   -0.0267363   0.00734679   0.00375152 -0.000976701
     -1.392     -1.305          8     2.54346     1577.47      1.07111   -0.0282956   -0.0246273   0.00276088   0.00220576 -0.000395573
     -1.305     -1.218          8     2.57546     739.944     0.849275     0.466746    -0.321053   -0.0124451    0.0558915   -0.0107526
     -1.218     -1.131          8     2.50271     1088.07       1.0136    0.0189353   -0.0223015 -0.000779614   0.00142756 -8.41378e-05
     -1.131     -1.044          8     2.56642     2560.42      1.12906    -0.183136     0.068896   0.00443194  -0.00849033   0.00134703
     -1.044     -0.957          8     2.47909     1066.04       1.0232   0.00616104   -0.0202704   0.00170234   0.00191312 -0.000374599
     -0.957     -0.879          8     2.60078     3341.13      1.01099  6.18251e-05   -0.0135115   0.00191322    0.0011117 -0.000242219
     -0.879     -0.783          8     2.51689     3149.04     0.888897     0.209992    -0.114921   0.00141619    0.0118381   -0.0020041
     -0.783     -0.696          8     2.56788     1063.94     0.970663     0.027287   -0.0157642  0.000798074   0.00142083 -0.000276554
     -0.696     -0.609          8     2.52426     2404.11     0.979934    0.0201425   -0.0131499   0.00122943   0.00113861 -0.000203454
     -0.609     -0.522          8     2.61315        3622       0.9638    0.0298375  -0.00988499  0.000549244  0.000668455 -0.000137077
     -0.522     -0.435          8     2.59432        2403     0.979446    0.0257048   -0.0120445   0.00101603   0.00100556 -0.000197537
     -0.435     -0.348          8     2.61996     2432.21     0.964724    0.0394617   -0.0112047 -0.000281021  0.000626489 -9.35632e-05
     -0.348     -0.261          8     2.67227     4363.13     0.945922    0.0541421  -0.00937035  -0.00144158  0.000220989  2.45079e-05
     -0.261     -0.174          8     2.57758     2852.74     0.912022    0.0797613  -0.00838056  -0.00337204  -0.00021712  0.000178398
     -0.174     -0.087          8      2.5788     2755.02     0.912198    0.0789872  -0.00869496  -0.00302898 -4.44188e-05  0.000169113
     -0.087          0          8     2.66943     3549.29     0.925626    0.0745283  -0.00750031  -0.00245743 -5.79836e-05  0.000106581
          0      0.087          8     2.56714     2736.33     0.830992     0.248172   -0.0876964   -0.0060351   0.00907766  -0.00131283
      0.087      0.174          8     2.65076     2351.13     0.955627    0.0488249  -0.00874959 -0.000210155  0.000520225 -0.000110028
      0.174      0.261          8     2.61597     4284.96      0.95621    0.0466939  -0.00942347 -0.000429687  0.000495798 -4.89097e-05
      0.261      0.348          8     2.59622     2370.17     0.935159    0.0633833  -0.00959871  -0.00187781  0.000233513  5.92273e-05
      0.348      0.435          8     2.56514     1911.84     0.966598    0.0444234   -0.0133666 -0.000657387  0.000830891 -6.81172e-05
      0.435      0.522          8     2.65115     2792.72     0.969403    0.0286303  -0.00977372   0.00128657     0.000889 -0.000246074
      0.522      0.609          8     2.60733     1938.38     0.938156    0.0583854   -0.0107431  -0.00164877  0.000358815 -1.90331e-06
      0.609      0.696          8     2.60801     1499.78     0.981171    0.0227027   -0.0151777   0.00180179   0.00165602 -0.000388513
      0.696      0.783          8     2.60421     1508.02     0.999361    0.0167475   -0.0172614  0.000990751   0.00146676 -0.000213292
      0.783      0.879          8     2.54854      1481.3     0.999128    0.0126739   -0.0172229   0.00229933   0.00192785 -0.000429751
      0.879      0.957          8     2.50442     1512.19       1.0989    -0.153457    0.0635725   0.00481487   -0.0087951   0.00143082
      0.957      1.044          8     2.53323     2841.79       1.0344  -0.00526399    -0.015655   0.00246102   0.00142986 -0.000340149
      1.044      1.131          8     2.58421     1067.96      1.04751  -0.00873934    -0.020891   0.00331397   0.00232481 -0.000571191
      1.131      1.218          8     2.53334     1052.08       1.0919   -0.0276391   -0.0251806   0.00423828   0.00287801 -0.000643828
      1.218      1.305          8     2.38553     1421.75     0.895835     0.375222    -0.240827  -0.00278704    0.0343055  -0.00632301
      1.305      1.392          8     2.51135     1038.74     0.984983     0.207452    -0.140167   -0.0036072    0.0185557  -0.00319916
      1.392      1.479          8     2.48885     760.077      1.08999   -0.0332536   -0.0303876   0.00419922   0.00347327 -0.000782342
      1.479      1.566          8     2.60541     1656.16       1.0204     0.115367    -0.127905   0.00232762    0.0156126  -0.00275849
      1.566      1.653          8     2.48755     1131.22     0.954471     0.243311    -0.198945  -0.00133963    0.0275102  -0.00495583
      1.653       1.74          8      2.6181     1102.05      1.13646    -0.101263   -0.0325095     0.010038   0.00480941   -0.0012444
       1.74       1.83          8     2.57977       784.5      1.12888    -0.117139   -0.0342655    0.0138715   0.00633595  -0.00193856
       1.83       1.93          8     2.61062     786.811      1.04928    -0.105701   -0.0268764    0.0149304   0.00610208  -0.00207016
       1.93      2.043          8     2.57285     793.249      1.43514    -0.902197     0.360324    0.0483374   -0.0543948   0.00829067
      2.043      2.172          8     2.61927     784.554      1.31302     -0.84818     0.363385     0.045572   -0.0546269   0.00839211
      2.172      2.322          8     2.78149     786.485      1.31764    -0.986773     0.445147    0.0520015   -0.0669011    0.0104117
      2.322        2.5          8     2.82847     790.498      1.31288     -1.10414      0.51754    0.0574124   -0.0777287    0.0122015
        2.5       2.65          8     2.89259     573.849      1.35441     -1.29871     0.620717      0.07948    -0.102438    0.0164627
       2.65      2.853          8     3.07618     554.346      1.39619       -1.515     0.746555    0.0907123     -0.12366    0.0201432
      2.853      2.964          8     3.41885     403.359      1.47696     -1.83439     0.955167     0.126352    -0.177333    0.0302179
      2.964      3.139          8     3.96138     337.651      1.34624     -1.74564     0.926341     0.147477    -0.197093    0.0347245
      3.139      3.314          8     4.46667     347.896        1.159     -1.48605      0.78226     0.129691    -0.163915    0.0283439
      3.314      3.489          8      4.6146     242.616      1.55916     -2.30297      1.15389     0.245287    -0.280508    0.0494217
      3.489      3.664          8     4.62919     243.058      1.44394     -2.07814      1.02289     0.224907    -0.246169     0.042663
      3.664      3.839          8     4.58696     178.617     0.688034    -0.375058   -0.0299151     0.103951    0.0450607   -0.0240567
      3.839      4.013          8     4.45849     177.311     0.677691    -0.362655   -0.0281971     0.101493    0.0439079   -0.0234396
      4.013      4.191          8     4.31104     132.343       0.6835    -0.330559   -0.0548459    0.0942991    0.0515626   -0.0241562
      4.191      4.363          8     4.02061     101.435     0.798157    -0.464962   -0.0639274     0.132751    0.0680434    -0.036327
      4.363      4.538          8     3.67627     97.0241     0.886416     -0.51113    -0.109406     0.150843    0.0944268   -0.0480229
      4.538      4.716          8     3.36019     70.1677     0.790403    -0.383448   -0.0942422     0.144532     0.101549   -0.0573208
      4.716      4.889          8     3.23479     45.0041     0.665333    -0.153924   -0.0437924     0.103539    0.0761961   -0.0504111
      4.889      5.191          8     2.87251     36.3782      0.50874     0.148444  -0.00364861   -0.0336792   -0.0134713    0.0152355
