     -5.191     -4.889          8     3.11896     74.0403     0.666424    0.0478675    -0.027932    0.0016584   0.00846512  -0.00726612
     -4.889     -4.716          8     3.84581      73.576     0.459279     0.160693    0.0327047  -0.00513059  -0.00871477  -0.00409563
     -4.716     -4.538          8     3.85384     83.3011     0.893694      -0.4421   -0.0903956     0.141591    0.0864348   -0.0455996
     -4.538     -4.363          8     4.05812      92.484     0.943279    -0.503525    -0.124772     0.138861    0.0926826   -0.0429043
     -4.363     -4.191          8      4.4279     155.374     0.801897    -0.425625    -0.045649     0.110524    0.0499571   -0.0253939
     -4.191     -4.013          8     4.90263     164.534      1.57533     -2.17203     0.981236     0.290517    -0.271406    0.0463347
     -4.013     -3.839          8      5.1428     172.516      1.59608     -2.26552      1.05199     0.299205    -0.293658    0.0513886
     -3.839     -3.664          8     5.32881     227.828      1.59906     -2.29557      1.10833     0.245313    -0.267957    0.0467455
     -3.664     -3.489          8      5.0997     229.372      1.51818     -2.17541      1.07701     0.229734    -0.261064    0.0463812
     -3.489     -3.314          8     5.15485     334.223      1.18938      -1.5613     0.826543     0.132178    -0.173414     0.030593
     -3.314     -3.139          8      5.0799     233.024      1.15024     -1.40986     0.729905     0.151495    -0.176087    0.0314357
     -3.139     -2.964          8     4.41526     330.263      1.18405     -1.37591     0.754315     0.113751    -0.160975    0.0289575
     -2.964     -2.853          8     3.89277     282.019      1.52701     -1.94012      1.02086     0.206007    -0.249028    0.0449144
     -2.853      -2.65          8      3.6346       392.7      1.48143     -1.62713     0.805382     0.142593    -0.169382    0.0289603
      -2.65       -2.5          8     3.35023     398.602      1.34147     -1.18392     0.557497     0.107799    -0.116111    0.0192238
       -2.5     -2.322          8     3.31054     537.038      1.27024     -0.94578     0.450804     0.059032   -0.0742471    0.0118956
     -2.322     -2.172          8     3.22864     531.332      1.23334    -0.713557     0.302344    0.0496387   -0.0486363    0.0071654
     -2.172     -2.043          8     3.02132     532.657      1.20515    -0.527083     0.197254    0.0392642   -0.0312678   0.00423771
     -2.043      -1.93          8     2.97507     977.289      1.21101    -0.516976     0.228978    0.0257511    -0.035564   0.00573997
      -1.93      -1.83          8     2.90009     724.534      1.04314   -0.0631126   -0.0265646    0.0119881    0.0057611  -0.00195676
      -1.83      -1.74          8     2.97589     756.789       1.0695   -0.0562999   -0.0278217   0.00838118   0.00446042  -0.00126957
      -1.74     -1.653          8      2.9484      774.96      1.04029   -0.0134265   -0.0313555     0.001165   0.00292316 -0.000303948
     -1.653     -1.566          8     3.02819     581.449     0.996766    0.0189333   -0.0326779  -0.00336218   0.00206306  0.000247332
     -1.566     -1.479          8     3.15189     807.963      0.99261    0.0267809   -0.0295042  -0.00413456   0.00127369  0.000289544
     -1.479     -1.392          8      2.9891     735.505      1.00555    0.0331191   -0.0246021  -0.00148517   0.00185191 -0.000138519
     -1.392     -1.305          8     2.95977     747.141      1.02837    0.0266385   -0.0274331  -0.00177812   0.00194046 -0.000124098
     -1.305     -1.218          8     2.91527     524.743      1.09882   -0.0238229   -0.0347169   0.00361753   0.00426992 -0.000700824
     -1.218     -1.131          8     2.94079     704.848      1.05354    0.0185295   -0.0265185  0.000612704   0.00267134 -0.000394505
     -1.131     -1.044          8     3.00691     703.446      1.06465    0.0132671    -0.027471   0.00114231   0.00291836 -0.000456131
     -1.044     -0.957          8      2.9443     712.779      1.00627    0.0556281   -0.0229399  -0.00353732   0.00127565  0.000194278
     -0.957     -0.879          8     2.88903     707.533      1.02754    0.0199848   -0.0230274   0.00173885   0.00270235 -0.000556494
     -0.879     -0.783          8     2.94017     702.986      1.00783    0.0222527   -0.0210863   0.00218194   0.00270112 -0.000603325
     -0.783     -0.696          8     2.96401     1557.74      1.01429 -0.000171754   -0.0152888   0.00352371   0.00190693 -0.000488361
     -0.696     -0.609          8     2.95426     711.087     0.989927    0.0147664   -0.0190886   0.00380725   0.00292944 -0.000860675
     -0.609     -0.522          8     3.01898     704.278     0.977296    0.0234198   -0.0177934   0.00301354   0.00260144 -0.000759813
     -0.522     -0.435          8     2.97316      716.49     0.975943    0.0234487   -0.0181223    0.0027948   0.00255887 -0.000728803
     -0.435     -0.348          8     2.99508     1423.32     0.927709    0.0544208   -0.0127783  -0.00138794  0.000705899 -3.13241e-05
     -0.348     -0.261          8     2.98178     1035.11     0.938844    0.0460762   -0.0130484 -0.000407502  0.000971899 -0.000139554
     -0.261     -0.174          8     3.04095     1521.54      0.91769    0.0599311   -0.0109703  -0.00192339  0.000344306  4.23515e-05
     -0.174     -0.087          8     3.00391     725.543     0.909117     0.069824   -0.0145721  -0.00300285  0.000707363  9.83669e-05
     -0.087          0          8     2.98815     945.476     0.922455    0.0531969     -0.01392 -0.000866896   0.00110599 -0.000125661
          0      0.087          8     2.97872     2101.32      0.89162    0.0721141  -0.00851233  -0.00282526 -8.09793e-05  0.000135415
      0.087      0.174          8      3.0122     1001.87     0.950584     0.023777   -0.0118561   0.00252504   0.00154519 -0.000503656
      0.174      0.261          8     3.00318     995.507     0.914958    0.0597929   -0.0122907  -0.00128765  0.000807582 -0.000112641
      0.261      0.348          8      3.0015     717.502     0.929171    0.0616777   -0.0160105  -0.00221595   0.00105033 -6.25574e-06
      0.348      0.435          8     2.99167      717.59     0.945967     0.038941   -0.0148922   0.00159646   0.00192335 -0.000597262
      0.435      0.522          8     2.94848     1340.31     0.926426    0.0577397   -0.0113309  -0.00136798   0.00055859 -6.47629e-05
      0.522      0.609          8     2.99321     704.437     0.979927    0.0262755   -0.0185997   0.00229206   0.00248513 -0.000645713
      0.609      0.696          8     2.95365     710.313     0.953589    0.0449796   -0.0159177  0.000485786   0.00175357 -0.000411833
      0.696      0.783          8     2.94309     993.451     0.992255    0.0227461   -0.0178749   0.00196517   0.00209482 -0.000499422
      0.783      0.879          8     2.95195     695.787       1.0105    0.0294452   -0.0221408  0.000800648   0.00244984 -0.000384441
      0.879      0.957          8     2.89961     688.832      1.03545    0.0199866   -0.0248438   0.00124405   0.00281017  -0.00042645
      0.957      1.044          8     2.98152      698.01      1.04251    0.0206134   -0.0241671    0.0013027   0.00266683  -0.00050629
      1.044      1.131          8     2.96438     711.593      1.04508    0.0284295   -0.0248253 -0.000194918   0.00227607 -0.000315089
      1.131      1.218          8     2.90745     685.688      1.06373    0.0292109    -0.025935  -0.00045328   0.00234053 -0.000257111
      1.218      1.305          8     2.88298      677.78      1.11956  -0.00682296   -0.0319775   0.00303071   0.00395032 -0.000632237
      1.305      1.392          8     2.85499     989.743      1.07445    0.0244296   -0.0260088  -0.00130642   0.00173092 -0.000134619
      1.392      1.479          8      2.8843     536.102      1.05779    0.0345418   -0.0316545  -0.00440563   0.00161488  0.000285479
      1.479      1.566          8     3.07337     567.066       1.0605    0.0102847   -0.0360045  -0.00301187   0.00234931  0.000128459
      1.566      1.653          8      2.9121     561.938     0.774821     0.562075    -0.329609   -0.0249919    0.0546384  -0.00967578
      1.653       1.74          8     2.96564     769.029      1.06272   -0.0191487   -0.0301653    0.0023846   0.00304668 -0.000525226
       1.74       1.83          8     2.98762       556.5      1.04705   -0.0355137   -0.0304624    0.0061273   0.00444321  -0.00113757
       1.83       1.93          8     2.94841     554.245      1.02727   -0.0644542   -0.0273217    0.0115305   0.00568063  -0.00188384
       1.93      2.043          8     3.03321     772.326       1.1393    -0.404306     0.153644     0.024697   -0.0229245   0.00327807
      2.043      2.172          8     3.13087     557.953     0.943235    -0.106442   -0.0172478    0.0215904   0.00773162  -0.00324669
      2.172      2.322          8     3.35128       566.2      1.24976      -0.8378     0.381964    0.0524597   -0.0631273    0.0100497
      2.322        2.5          8     3.42965     552.836      1.26064    -0.986205     0.473026      0.06036    -0.078185    0.0126471
        2.5       2.65          8     3.43061     558.834        1.358     -1.26613     0.621789    0.0746187    -0.103267    0.0170023
       2.65      2.853          8     3.67244     552.435      1.41772      -1.5183     0.769974    0.0871281     -0.12835    0.0214195
      2.853      2.964          8     3.90357     366.978      1.51789     -1.93671      1.04099     0.162231    -0.221526    0.0394196
      2.964      3.139          8      4.4495     327.509      1.17486     -1.36164     0.744105     0.113526    -0.158366    0.0283625
      3.139      3.314          8     5.08206     230.391      1.26487     -1.63329     0.836634      0.17387    -0.202821    0.0362607
      3.314      3.489          8     5.31097     229.594       1.2418     -1.66233     0.856445     0.176425     -0.20679     0.037123
      3.489      3.664          8     5.11854     232.604      1.57489     -2.32558       1.1815     0.239769    -0.289512    0.0526237
      3.664      3.839          8     5.33888     177.042      1.58999     -2.28724      1.08208     0.300261    -0.303482    0.0538092
      3.839      4.013          8     5.14524     172.345      1.68448      -2.4224      1.11642     0.320217    -0.311708    0.0542114
      4.013      4.191          8     4.90977     164.992       1.5944     -2.21751      1.00832     0.295537    -0.279644    0.0480551
      4.191      4.363          8     4.41582     134.933     0.844839     -0.45605   -0.0770835     0.122782    0.0667511   -0.0326516
      4.363      4.538          8     4.05333     122.023     0.872225    -0.437717   -0.0812871     0.115532    0.0646734   -0.0305089
      4.538      4.716          8     3.80004     76.4178     0.618536    -0.132443   -0.0192142    0.0689485    0.0367217   -0.0252686
      4.716      4.889          8     3.86102     37.5894     0.455793     0.169001    0.0311475   -0.0130384   -0.0130518  0.000123742
      4.889      5.191          8     3.13019     63.6158     0.599204     0.103606   0.00336811   0.00184482   0.00155907   -0.0071462
