     -5.191     -4.889          8     3.13648     45.3658     0.691519    -0.141852   -0.0488573    0.0939532    0.0718787   -0.0466991
     -4.889     -4.716          8     3.74269     54.0621     0.561415    -0.102494    0.0177754     0.108351    0.0565727   -0.0442967
     -4.716     -4.538          8     3.75084     82.7123     0.860646     -0.44256   -0.0835296     0.146121     0.087471   -0.0466755
     -4.538     -4.363          8     4.17354     96.1765     0.891155    -0.513151    -0.106137     0.154461    0.0953189   -0.0495092
     -4.363     -4.191          8      4.4286     98.2544     0.857064      -0.5079    -0.106532     0.150818    0.0943633   -0.0470073
     -4.191     -4.013          8     4.70391     167.148      1.53816     -2.20592      1.04186     0.292091    -0.290565    0.0510844
     -4.013     -3.839          8     4.94755     170.996      1.46484     -2.09066     0.990207     0.278086    -0.275168    0.0482773
     -3.839     -3.664          8     5.00593      237.45      1.53105     -2.25456       1.1238     0.238608    -0.272757    0.0483877
     -3.664     -3.489          8     5.06049     248.121      1.54179     -2.40753      1.28887     0.242271    -0.318833    0.0593726
     -3.489     -3.314          8     4.93051     346.481      1.32253     -1.90436      1.02798     0.156575    -0.218524    0.0391882
     -3.314     -3.139          8     4.72447     355.059      1.35458      -1.8806      1.00549     0.155083     -0.21442     0.038339
     -3.139     -2.964          8     4.09114     346.743      1.13697     -1.50282     0.921524     0.112638    -0.200921     0.037973
     -2.964     -2.853          8     3.62952     378.583      1.37944     -1.70089     0.934778     0.144926      -0.1979    0.0350706
     -2.853      -2.65          8     3.32618     520.541       1.1644     -1.07192     0.559109    0.0667474   -0.0914495     0.014805
      -2.65       -2.5          8     3.05367     538.649      1.20956     -1.00736     0.511134    0.0614202   -0.0842376     0.013743
       -2.5     -2.322          8     3.02986     537.786      1.28046     -1.03479     0.513874    0.0619727   -0.0852812    0.0139938
     -2.322     -2.172          8     2.96527     752.887      1.23598    -0.780887      0.36547    0.0416578   -0.0548126   0.00856276
     -2.172     -2.043          8     2.84589     945.919      1.23279    -0.622182     0.261779    0.0364342   -0.0387369    0.0057139
     -2.043      -1.93          8      2.7447     740.799       1.0586    -0.123572   -0.0253064    0.0217231   0.00840941  -0.00327633
      -1.93      -1.83          8      2.7992     1039.86      1.08359    -0.087206   -0.0238123    0.0118419   0.00473081  -0.00146538
      -1.83      -1.74          8     2.78401     754.523      1.09178   -0.0516969   -0.0328872   0.00630542   0.00446126 -0.000914861
      -1.74     -1.653          8     2.69682     1641.18      1.11594   -0.0774233   -0.0276914   0.00719813   0.00347604 -0.000812709
     -1.653     -1.566          8     2.72691     1117.42     0.717864     0.616947    -0.358013   -0.0150283    0.0493328  -0.00842989
     -1.566     -1.479          8     2.69798     821.013      1.05914   -0.0124645   -0.0346397 -0.000576056   0.00260857 -0.000119483
     -1.479     -1.392          8      2.6869     741.657      1.08194   -0.0123353   -0.0318505   0.00276307   0.00367753 -0.000663417
     -1.392     -1.305          8     2.58254     1909.29     0.764426     0.629513    -0.368767  -0.00743005    0.0466769  -0.00798928
     -1.305     -1.218          8     2.63277      1052.3     0.740044     0.676984    -0.406986  -0.00979232    0.0579622   -0.0104467
     -1.218     -1.131          8     2.82305      1050.1      1.02035    0.0433528   -0.0199068  -0.00224234  0.000958099  6.78653e-05
     -1.131     -1.044          8      2.7231     1069.79     0.854793     0.368129    -0.191368  -0.00947206    0.0257299   -0.0043317
     -1.044     -0.957          8     2.63878     2822.76      1.03489    0.0168658   -0.0157208  0.000702987   0.00110968 -0.000165536
     -0.957     -0.879          8     2.76771     3243.14     0.908856     0.212385     -0.11111  0.000493217    0.0112705   -0.0018628
     -0.879     -0.783          8     2.66284      3121.6     0.885262     0.253307    -0.137202   0.00189516    0.0143005  -0.00243524
     -0.783     -0.696          8     2.76081        1526     0.993655    0.0145746   -0.0146229   0.00217461   0.00157318 -0.000345717
     -0.696     -0.609          8     2.77908     1566.36     0.986589    0.0145499   -0.0129988    0.0024092   0.00144456 -0.000403994
     -0.609     -0.522          8     2.79404     2481.55     0.962841    0.0293535   -0.0111325  0.000792377  0.000885884 -0.000182786
     -0.522     -0.435          8     2.73146     3918.19     0.995955   0.00415811   -0.0116254   0.00251917   0.00121263  -0.00028426
     -0.435     -0.348          8     2.73111     3812.22     0.934251    0.0419542  -0.00916091 -0.000330175  0.000462169 -6.03748e-05
     -0.348     -0.261          8     2.83023     4526.81     0.935889    0.0417614   -0.0094323 -0.000306772  0.000496796 -5.84773e-05
     -0.261     -0.174          8     2.80909     2996.56     0.994762   -0.0936271    0.0657872  9.04017e-05  -0.00833087   0.00144785
     -0.174     -0.087          8      2.8086     2920.67     0.842656     0.188258   -0.0802475  -0.00206741   0.00874317  -0.00142309
     -0.087          0          8     2.89634      2539.8     0.961869   -0.0622718    0.0531804 -0.000384182  -0.00687151   0.00120931
          0      0.087          8      2.9295     2519.95     0.876571    0.0772427  -0.00742203  -0.00291906 -0.000147676  0.000142822
      0.087      0.174          8     2.82303     2508.17     0.940822    0.0317776  -0.00993715  0.000862432  0.000836994 -0.000190898
      0.174      0.261          8     2.79864     4504.98     0.879505     0.138846    -0.061843  0.000485603     0.006229  -0.00105376
      0.261      0.348          8      2.8763     1567.94      1.03193    -0.137065    0.0816817   0.00277356   -0.0112134   0.00191205
      0.348      0.435          8     2.84386     2021.18     0.954529    0.0299609   -0.0104466   0.00086764  0.000849871 -0.000196426
      0.435      0.522          8     2.29554     2330.35     0.618396     0.335517   -0.0038807    -0.027907  -0.00602257   0.00232172
      0.522      0.609          8     2.83872     2000.26     0.949543    0.0418263   -0.0103607 -0.000306646  0.000570014 -9.55596e-05
      0.609      0.696          8     2.82003     1529.27     0.989196    0.0130932   -0.0137876   0.00264829   0.00163702 -0.000396353
      0.696      0.783          8     2.78123     1978.33      1.01191    0.0105493   -0.0158942   0.00218845   0.00164065 -0.000348975
      0.783      0.879          8     2.76614     1471.46      1.00092     0.017626    -0.015013   0.00261781   0.00183581 -0.000490398
      0.879      0.957          8     2.74133      1971.5     0.873982     0.265038    -0.124132  -0.00587116    0.0146901  -0.00234008
      0.957      1.044          8     2.81659     2824.42     0.938854     0.168586    -0.075437  -0.00364765   0.00752946  -0.00109798
      1.044      1.131          8      2.8383     1063.24      1.04666    0.0281387   -0.0218248 -0.000872915   0.00147124 -6.09626e-05
      1.131      1.218          8     2.76018     1029.72      1.09603   0.00580535   -0.0239874   0.00128983    0.0021544  -0.00030054
      1.218      1.305          8     2.58603     685.329     0.790691     0.618899    -0.350854   -0.0236015    0.0599408   -0.0109898
      1.305      1.392          8     2.60888     1876.74     0.840888     0.529232    -0.300745  -0.00763791    0.0374721  -0.00631468
      1.392      1.479          8     2.61608     742.777      1.05765    0.0445619   -0.0336165   -0.0065554   0.00128459  0.000664854
      1.479      1.566          8     2.87516     791.085     0.860132         0.46    -0.287673   -0.0154904    0.0430002  -0.00745956
      1.566      1.653          8     2.60884     777.102     0.905642     0.392352    -0.264235   -0.0118794     0.039797  -0.00699447
      1.653       1.74          8     2.69825     767.567      1.18678    -0.110528   -0.0385878    0.0120082   0.00624476  -0.00167387
       1.74       1.83          8     2.67856       767.9      1.10382   -0.0719312   -0.0319708   0.00898522   0.00494989  -0.00131576
       1.83       1.93          8     2.60901     777.192      1.25432    -0.442168     0.147163    0.0264259   -0.0222544   0.00313764
       1.93      2.043          8     2.78755     774.435     0.983103   -0.0828535   -0.0201447    0.0145824   0.00561512  -0.00199689
      2.043      2.172          8     2.84308     770.572      1.09257    -0.432309     0.172412    0.0282662   -0.0248243   0.00338475
      2.172      2.322          8     3.02327     759.904      1.14379    -0.648669     0.290637    0.0379702   -0.0427162   0.00634816
      2.322        2.5          8     3.14328     760.517       1.1925     -0.88747     0.431358     0.047227    -0.064333     0.010073
        2.5       2.65          8     3.14221     553.039      1.25262     -1.12979     0.571034    0.0673234   -0.0945234    0.0155497
       2.65      2.853          8     3.36138     529.306      1.16467     -1.09431     0.566547    0.0681977   -0.0925837    0.0149588
      2.853      2.964          8     3.68551     386.128      1.41802      -1.7704     0.956441     0.151749     -0.20215    0.0355868
      2.964      3.139          8     4.09595     347.871      1.13613      -1.5015     0.919471     0.112539    -0.200481    0.0378842
      3.139      3.314          8     4.74552     347.122      1.26872     -1.71854     0.924094     0.142977    -0.196299    0.0349955
      3.314      3.489          8     4.88347     241.855      1.44914     -2.12525       1.1034     0.220933    -0.269726    0.0490212
      3.489      3.664          8     5.05102     247.468      1.53558     -2.39317      1.28159     0.240629    -0.317143     0.059089
      3.664      3.839          8     4.99698     178.515      1.59781     -2.36831      1.13808     0.310974    -0.319452    0.0568964
      3.839      4.013          8     4.93521     215.764      1.54482     -2.29893      1.15635     0.241448    -0.281395    0.0503313
      4.013      4.191          8     4.75332     134.058     0.778684    -0.456355   -0.0612569     0.131497    0.0673738    -0.035482
      4.191      4.363          8     4.44196     130.321     0.815266    -0.483391   -0.0649806     0.138427    0.0706957   -0.0377184
      4.363      4.538          8     4.12745     124.193     0.775488    -0.405242   -0.0538813     0.120652    0.0612849    -0.033064
      4.538      4.716          8     3.71142     70.0709     0.741478    -0.326417   -0.0727455     0.135502    0.0915671   -0.0542749
      4.716      4.889          8     3.69543     43.1445     0.588509    -0.106334  -0.00646794     0.110467    0.0705894   -0.0524174
      4.889      5.191          8     3.13794     48.3894     0.681943    -0.111929   -0.0464118    0.0791653    0.0622474   -0.0408346
