     -5.191     -4.889          8     2.88581     47.1096     0.715695    -0.145488   -0.0620554    0.0839475    0.0692618   -0.0430435
     -4.889     -4.716          8     3.21181      59.609     0.631564    -0.128056   -0.0111689    0.0968637    0.0567472   -0.0406983
     -4.716     -4.538          8     3.34832     69.2084     0.777304    -0.362907   -0.0882685     0.139919    0.0976314   -0.0557522
     -4.538     -4.363          8     3.76972      95.838     0.859964    -0.474488    -0.102234      0.14172    0.0887694   -0.0451002
     -4.363     -4.191          8     4.11019       126.8     0.810375    -0.471522   -0.0680809     0.132893    0.0693583   -0.0356646
     -4.191     -4.013          8     4.29916     135.068     0.787588     -0.46508   -0.0635805     0.132867    0.0682555   -0.0360414
     -4.013     -3.839          8     4.48192     227.793      1.55086     -2.26953      1.10682      0.24451    -0.267056    0.0462839
     -3.839     -3.664          8     4.57825     237.641      1.46679     -2.09554      1.01327     0.228758    -0.242752    0.0415424
     -3.664     -3.489          8     4.68377     336.115      1.54877     -2.29953      1.17724     0.194331    -0.249918    0.0436512
     -3.489     -3.314          8     4.67447     245.073      1.39145     -1.98828      1.01055     0.213017    -0.244609    0.0431666
     -3.314     -3.139          8     4.26985      365.34      1.34247     -1.95869      1.09219     0.156666    -0.235113    0.0427336
     -3.139     -2.964          8     3.91286     438.891      1.21847     -1.50189      0.84462    0.0954799    -0.159305     0.028307
     -2.964     -2.853          8     3.12015     523.264      1.18952     -1.54162     0.983368    0.0645847    -0.170893    0.0313915
     -2.853      -2.65          8     2.95431     528.854      1.42453      -1.5041     0.742525    0.0913433     -0.12258    0.0198518
      -2.65       -2.5          8     2.81058     542.132      1.31073     -1.14579      0.55176    0.0719643   -0.0905557    0.0144046
       -2.5     -2.322          8     2.71905     747.943      1.42818      -1.2444     0.588332    0.0754016    -0.097565    0.0157655
     -2.322     -2.172          8     2.60568     931.857      1.32927    -0.924299     0.419317    0.0496775   -0.0627927   0.00970664
     -2.172     -2.043          8     2.62711     737.888     0.997393    -0.123509   -0.0197376    0.0238027   0.00859274  -0.00355407
     -2.043      -1.93          8     2.52024     743.113      1.08374    -0.142362   -0.0279765    0.0235706    0.0091579  -0.00351895
      -1.93      -1.83          8     2.46236     1047.34      1.09993    -0.111783   -0.0234705    0.0148029   0.00538999  -0.00182117
      -1.83      -1.74          8     2.46993     760.708      1.10947   -0.0815528   -0.0320364    0.0104447   0.00539014  -0.00147438
      -1.74     -1.653          8     2.59831     1635.63      1.13864    -0.107495   -0.0269288    0.0105982    0.0041712  -0.00117861
     -1.653     -1.566          8     2.44416     1112.54     0.889408     0.290083    -0.201753  -0.00476136    0.0276916   -0.0048361
     -1.566     -1.479          8      2.6784     817.561     0.866786     0.291167    -0.170873   -0.0125985    0.0242426  -0.00392336
     -1.479     -1.392          8      2.5431     1035.22      1.07315   -0.0256251   -0.0250405   0.00400643   0.00284838 -0.000597296
     -1.392     -1.305          8     2.54432      1107.1      1.09603   -0.0229333   -0.0291863   0.00209092   0.00263855 -0.000368734
     -1.305     -1.218          8      2.4789     723.961     0.771202     0.692679     -0.44633   -0.0210884     0.078207   -0.0149212
     -1.218     -1.131          8     2.44954      1519.9      1.03313    0.0240981   -0.0181709  -0.00018342   0.00117191 -0.000120097
     -1.131     -1.044          8     2.48352      1069.6       1.0513    0.0091158   -0.0204721   0.00167717   0.00194657 -0.000373159
     -1.044     -0.957          8     2.49127     1035.95      1.03992    0.0118061   -0.0189598   0.00191389   0.00190692 -0.000405025
     -0.957     -0.879          8     2.52845     3265.14      1.02139    0.0102018   -0.0128311   0.00154632    0.0010317 -0.000211326
     -0.879     -0.783          8     2.54052     3119.32     0.935406     0.145794   -0.0794022   0.00189242   0.00813814   -0.0014175
     -0.783     -0.696          8     2.58932     1959.69      1.00349   0.00595717   -0.0144997   0.00312424   0.00176681 -0.000451855
     -0.696     -0.609          8     2.51254     1965.19     0.977722    0.0212263   -0.0135563   0.00174216    0.0013997  -0.00030785
     -0.609     -0.522          8     2.66966     2872.35     0.962666    0.0272062    -0.010515   0.00114135  0.000909884 -0.000223858
     -0.522     -0.435          8     2.59571     3872.04      0.99369   0.00510795   -0.0115111   0.00252247     0.001214 -0.000286541
     -0.435     -0.348          8      2.6728     2019.01     0.959054    0.0263198    -0.010813   0.00113044  0.000933822 -0.000217795
     -0.348     -0.261          8     2.64033     4466.27     0.957437    0.0281835   -0.0102755  0.000707845  0.000757223 -0.000140572
     -0.261     -0.174          8     2.65109     2482.64      1.00244    -0.094847    0.0615104  0.000983094  -0.00772048   0.00130508
     -0.174     -0.087          8     2.54664     2927.33      1.03312    -0.144774    0.0772976   0.00309061  -0.00926304   0.00147919
     -0.087          0          8     2.71396     2043.52     0.926807    0.0408126  -0.00937326  4.25855e-05  0.000604187 -0.000124145
          0      0.087          8     2.65993     2487.43      0.90574    0.0620893  -0.00929133  -0.00192906  0.000192592  6.55694e-05
      0.087      0.174          8     2.62819     4175.58     0.896832     0.142472   -0.0769518   0.00261575   0.00803194  -0.00144473
      0.174      0.261          8     2.63845     4499.72      0.93656     0.036166  -0.00905596  0.000395506   0.00064059    -0.000116
      0.261      0.348          8     2.62242     4316.77     0.919872    0.0545754  -0.00875916  -0.00134022  0.000228907  2.14691e-05
      0.348      0.435          8     2.61916      2434.1     0.971431    0.0269732   -0.0130106  0.000597827  0.000993591 -0.000145195
      0.435      0.522          8     2.57536     2907.96      1.12088      -0.2541     0.124625   0.00497123   -0.0147209   0.00235445
      0.522      0.609          8     2.60704     2902.75     0.911254    0.0714367  -0.00975416  -0.00295067 -1.09931e-05  0.000158641
      0.609      0.696          8     2.59838     1524.48     0.984134    0.0198595   -0.0139412   0.00182514   0.00144911  -0.00031525
      0.696      0.783          8     2.62443     1520.35      1.00919    0.0122318   -0.0155163   0.00207828    0.0015752 -0.000346278
      0.783      0.879          8     2.58555     1466.89      1.00422    0.0160943     -0.01556    0.0026818   0.00191019 -0.000487954
      0.879      0.957          8     2.48348     1051.04      0.99434    0.0345468   -0.0150476  0.000392331   0.00123875 -0.000258991
      0.957      1.044          8     2.51567     2794.55      1.01634    0.0255932     -0.01377  0.000303847  0.000873739 -0.000147902
      1.044      1.131          8     2.52513     1051.22       1.0745  -0.00660124   -0.0211386    0.0034142   0.00241132 -0.000574029
      1.131      1.218          8     2.42537     1020.31      1.11465   -0.0218811   -0.0230426   0.00481157   0.00289689 -0.000723759
      1.218      1.305          8     2.40723     686.134     0.848844     0.529948    -0.319276   -0.0180177    0.0549462   -0.0102739
      1.305      1.392          8     2.41342     1050.03      1.11736  -0.00125766   -0.0285793   0.00022274   0.00217528 -0.000159344
      1.392      1.479          8     2.39007     744.632      1.09403  -0.00871131   -0.0328958    0.0016585   0.00338149 -0.000545762
      1.479      1.566          8     2.58034     789.408      0.90854     0.340299    -0.221834   -0.0116806     0.032764  -0.00563095
      1.566      1.653          8     2.40507     776.832     0.920456      0.34504    -0.241923  -0.00958704    0.0366451  -0.00650061
      1.653       1.74          8     2.50503     764.844       1.1438    -0.080132   -0.0367279   0.00853635   0.00523913  -0.00122159
       1.74       1.83          8     2.65041     769.052      1.14644    -0.113821   -0.0339229    0.0139245   0.00635212  -0.00194797
       1.83       1.93          8     2.49596     778.381      1.07758    -0.109835   -0.0273736     0.015701   0.00637701  -0.00215829
       1.93      2.043          8     2.62746     1089.58      1.19226    -0.465375      0.17471    0.0235906   -0.0233216   0.00327294
      2.043      2.172          8     2.60027      780.12      1.32267     -0.82768     0.352084    0.0454525   -0.0526699   0.00800003
      2.172      2.322          8      2.7455     760.644      1.33238    -0.961463     0.425954    0.0525677   -0.0635031   0.00969368
      2.322        2.5          8     2.80739     769.955      1.29172     -1.02593      0.47917    0.0551157   -0.0714929    0.0110666
        2.5       2.65          8     2.83272     557.375      1.32898     -1.21412     0.578117     0.076379   -0.0947247    0.0150108
       2.65      2.853          8     3.03112     538.704      1.40515     -1.50071     0.741841    0.0909828    -0.122484    0.0198515
      2.853      2.964          8     3.39299     397.613      1.49162     -1.87016     0.974943     0.162946    -0.205509    0.0355187
      2.964      3.139          8     3.58072     352.397      1.44346     -2.15385      1.25432     0.166715    -0.272909    0.0502678
      3.139      3.314          8     4.26519     358.849      1.35558     -1.98478      1.10335     0.159187    -0.237331    0.0430663
      3.314      3.489          8     4.56925      242.99      1.43404     -2.06856      1.04715     0.221166    -0.253629    0.0447649
      3.489      3.664          8     4.62128     241.642      1.41789     -2.04284      1.01792     0.220049    -0.245251    0.0428697
      3.664      3.839          8     4.59148     179.619      1.49001     -2.14156      1.00514     0.286898    -0.278605    0.0480776
      3.839      4.013          8     4.46169     174.287     0.658379    -0.343552   -0.0247507    0.0981603    0.0422019   -0.0225846
      4.013      4.191          8     4.32295     174.171        0.703    -0.377306   -0.0312817     0.104041    0.0452652   -0.0240997
      4.191      4.363          8     3.99313     131.526     0.802755    -0.465208   -0.0644978     0.132737     0.068258   -0.0361694
      4.363      4.538          8     3.68327     98.6023     0.882533    -0.504981    -0.106077     0.150912    0.0935614   -0.0484754
      4.538      4.716          8      3.3489     70.2046     0.785165    -0.377848   -0.0911167     0.144665     0.100961   -0.0572873
      4.716      4.889          8     3.23785     45.1064     0.665228    -0.160432   -0.0417451     0.109404     0.079287   -0.0526105
      4.889      5.191          8     2.87692     36.6041      0.50451     0.148387  -0.00236293   -0.0325797   -0.0130617     0.015005
