     -5.191     -4.889          8     3.02493     45.5076      0.68318   -0.0998444   -0.0429292    0.0767959    0.0603683   -0.0391595
     -4.889     -4.716          8     3.30872     54.1932     0.654116    -0.174451   -0.0150064     0.117126    0.0699675   -0.0456708
     -4.716     -4.538          8     3.59368      80.803     0.863082    -0.420768   -0.0873616     0.135332    0.0836853   -0.0424178
     -4.538     -4.363          8     4.00254     96.9007      0.80649    -0.413528   -0.0849775     0.130276    0.0797812    -0.041917
     -4.363     -4.191          8     4.33485     124.615     0.710121    -0.356573   -0.0492656      0.10738    0.0558025   -0.0283138
     -4.191     -4.013          8     4.54038      171.62      1.48292     -2.22109      1.13823      0.28388    -0.324598     0.060558
     -4.013     -3.839          8     4.84279     175.109     0.598329    -0.274673   -0.0132463    0.0853282    0.0354829   -0.0197731
     -3.839     -3.664          8     5.06522     239.392      1.42633      -2.0799      1.05711     0.219704    -0.256961    0.0459512
     -3.664     -3.489          8     4.97022     240.553      1.28225     -1.83667     0.967829     0.191251    -0.235616    0.0431081
     -3.489     -3.314          8     4.86663     243.117      1.30093     -1.91129      1.04919     0.193226    -0.258651    0.0486037
     -3.314     -3.139          8     4.59178     361.372      1.18998      -1.6716      0.96314     0.131496    -0.207356    0.0382233
     -3.139     -2.964          8     4.19478     338.286      1.01333     -1.16446     0.698105    0.0937381    -0.149821     0.027641
     -2.964     -2.853          8     3.55829     382.005      1.46121     -1.88641      1.04717     0.155882    -0.223765    0.0403127
     -2.853      -2.65          8     3.20168     521.422      1.24164     -1.20431     0.627406    0.0714945    -0.103729    0.0171545
      -2.65       -2.5          8     2.95218     538.412      1.25804     -1.09517      0.55981    0.0641403    -0.093061    0.0154653
       -2.5     -2.322          8     2.93052     538.992      1.29349     -1.04326     0.517688    0.0616288   -0.0861728    0.0142337
     -2.322     -2.172          8      2.7818     551.046      1.30128    -0.886769     0.410513    0.0545367   -0.0680674    0.0109656
     -2.172     -2.043          8     2.69482     950.582      1.31862    -0.770384     0.334345    0.0415499   -0.0502162   0.00774535
     -2.043      -1.93          8     2.55373     741.244      1.05427    -0.115891   -0.0255659    0.0204238   0.00808011  -0.00308144
      -1.93      -1.83          8      2.6541     747.182      1.05488   -0.0508018   -0.0319637   0.00831657    0.0053934  -0.00129813
      -1.83      -1.74          8     2.63535     1038.35       1.0934   -0.0583359   -0.0283908   0.00672974   0.00380111 -0.000856683
      -1.74     -1.653          8     2.57093     1644.09      1.12017   -0.0762708   -0.0283708   0.00685496    0.0034415 -0.000773122
     -1.653     -1.566          8     2.67248     808.277     0.716992     0.624757    -0.361436   -0.0223943    0.0549174  -0.00945629
     -1.566     -1.479          8     2.78959      815.59     0.785464     0.494012    -0.285226   -0.0192015     0.042229  -0.00711883
     -1.479     -1.392          8     2.61159     743.482      1.09054   -0.0269734   -0.0312493   0.00516083   0.00424271  -0.00103079
     -1.392     -1.305          8     2.54043     1912.75     0.692936     0.711643    -0.391437   -0.0115894    0.0492071  -0.00825365
     -1.305     -1.218          8     2.56023     1055.65     0.748581     0.688489    -0.417688   -0.0100367    0.0594348   -0.0106901
     -1.218     -1.131          8     2.57784     1053.27      1.07069  -0.00494241   -0.0197745    0.0034344   0.00222852 -0.000627658
     -1.131     -1.044          8     2.62283     1070.11     0.937863     0.225642     -0.12607  -0.00477222    0.0166538  -0.00283753
     -1.044     -0.957          8     2.56325     2817.55      1.04502    0.0115527   -0.0166304    0.0010202   0.00125043 -0.000184592
     -0.957     -0.879          8     2.65637     3320.06      1.04725  -0.00426822   -0.0135042   0.00253078   0.00124149 -0.000299807
     -0.879     -0.783          8     2.62945     3127.53     0.954938     0.136656   -0.0852701   0.00354222   0.00897441  -0.00161541
     -0.783     -0.696          8     2.66871      1057.5      1.00465   0.00892159   -0.0167014   0.00300502    0.0020668 -0.000511912
     -0.696     -0.609          8     2.70675     1561.32      1.05019    -0.120931    0.0602323   0.00415872  -0.00821371     0.001315
     -0.609     -0.522          8     2.72621     1998.36     0.959142    0.0308926   -0.0119001   0.00107715   0.00110384 -0.000259258
     -0.522     -0.435          8     2.69306     3927.18     0.966701    0.0247426   -0.0109351  0.000928752  0.000860297 -0.000149067
     -0.435     -0.348          8     2.69037     3820.97     0.935284    0.0401779  -0.00890419 -0.000114029  0.000488019 -8.13069e-05
     -0.348     -0.261          8     2.74928     4545.46     0.933134    0.0494948   -0.0104411  -0.00122053  0.000377463   2.6433e-05
     -0.261     -0.174          8     2.66228     2029.84     0.906913    0.0621461  -0.00882042  -0.00187964  0.000148982  4.96456e-05
     -0.174     -0.087          8     2.74229     1557.24     0.828015     0.214833   -0.0922889  -0.00403778     0.011083  -0.00180769
     -0.087          0          8     2.85802     2047.66     0.903229    0.0597917  -0.00935995  -0.00171289  0.000252424  4.81651e-05
          0      0.087          8      2.8658     2007.34     0.911333    0.0567302  -0.00951552  -0.00144854  0.000314219  2.17681e-05
      0.087      0.174          8     2.76169     3403.77     0.928571    0.0434196  -0.00925321 -0.000428787  0.000462585 -4.79565e-05
      0.174      0.261          8      2.6591     4507.41     0.826768     0.232318    -0.104253  -0.00100426    0.0105922  -0.00171057
      0.261      0.348          8     2.77085     4368.72     0.985625   -0.0644038    0.0505008  -0.00100951  -0.00598846   0.00103773
      0.348      0.435          8     2.74876     2487.58      0.97828    0.0165621   -0.0119939   0.00177487   0.00115203 -0.000268714
      0.435      0.522          8     2.76074     2915.52     0.944108    0.0430438   -0.0107254 -0.000404725  0.000610498 -7.10179e-05
      0.522      0.609          8     2.61897     1538.88      0.91609    0.0728822   -0.0114925  -0.00331641  9.43108e-05  0.000200416
      0.609      0.696          8     2.69135     1530.64      1.00486   0.00311409   -0.0144599   0.00346722   0.00185326 -0.000480379
      0.696      0.783          8     2.78748     1966.09     0.846485     0.290725    -0.144355  -0.00447415    0.0176575  -0.00295449
      0.783      0.879          8     2.77703     1473.74      1.00033    0.0264487   -0.0166211   0.00109335    0.0016154 -0.000292811
      0.879      0.957          8     2.68963     1058.83     0.851595     0.301606    -0.138976  -0.00933136    0.0181139  -0.00291688
      0.957      1.044          8     2.69079      2833.8      1.02164    0.0373248   -0.0163497  -0.00149264  0.000662539  3.54451e-05
      1.044      1.131          8     2.67802     704.142      1.07439    0.0157386   -0.0286503  0.000410105   0.00283775 -0.000334723
      1.131      1.218          8     2.57942     1029.85      1.11403  -0.00632826   -0.0253094   0.00232651   0.00250999 -0.000404439
      1.218      1.305          8     2.55053     685.442     0.893934     0.452988    -0.282631   -0.0139685    0.0485362  -0.00915671
      1.305      1.392          8      2.5592      1879.5     0.908874     0.447968    -0.276522  -0.00393902    0.0346847  -0.00596892
      1.392      1.479          8     2.53537     744.217       1.0811    0.0317741   -0.0357691   -0.0054267   0.00177233  0.000514382
      1.479      1.566          8     2.50899     791.951      0.86591     0.419363    -0.255422   -0.0159064    0.0377223  -0.00637552
      1.566      1.653          8     2.48267     778.308     0.917784     0.349909    -0.237146    -0.010968    0.0354603  -0.00618262
      1.653       1.74          8     2.48547     765.149     0.940708     0.302259    -0.218795   -0.0068558    0.0333334  -0.00601325
       1.74       1.83          8      2.8284     765.048      1.12444   -0.0859406   -0.0339762    0.0102907    0.0054807  -0.00145903
       1.83       1.93          8     2.65974     1085.64      1.02965    -0.062931   -0.0221673   0.00916062   0.00395621  -0.00115569
       1.93      2.043          8     2.67322     774.766      0.99572   -0.0919793   -0.0206424    0.0155846   0.00588817  -0.00212957
      2.043      2.172          8     2.76422     772.632       1.1575    -0.541281     0.224606    0.0323053   -0.0330829   0.00482797
      2.172      2.322          8     2.94029     761.167      1.26433    -0.854319     0.388143    0.0458301   -0.0580127   0.00899526
      2.322        2.5          8     2.99247     760.144      1.14985    -0.805187     0.395131    0.0428483   -0.0589151   0.00925091
        2.5       2.65          8      3.0629     553.237      1.23505     -1.08815     0.549438    0.0651326   -0.0908542    0.0149316
       2.65      2.853          8     3.24046     534.139      1.22754     -1.21974     0.639333    0.0716809    -0.105839    0.0175837
      2.853      2.964          8     3.56184     385.935      1.33475     -1.61608     0.886085     0.138711    -0.187142    0.0330579
      2.964      3.139          8     4.11692      343.22      1.05318     -1.33396     0.831067      0.10111    -0.180677     0.034097
      3.139      3.314          8     4.71591     347.765      1.19073     -1.59568     0.881531     0.131277    -0.187805    0.0338469
      3.314      3.489          8     4.88619     332.007      1.22456     -1.71611     0.937672     0.141808    -0.199033    0.0357154
      3.489      3.664          8     4.95666     241.116      1.35354     -1.99215      1.05537     0.205608    -0.258411    0.0474726
      3.664      3.839          8     4.94619     178.225     0.564029    -0.245033  -0.00747582    0.0801952     0.032711   -0.0185422
      3.839      4.013          8     4.94159     216.955       1.4243     -2.08418      1.06848      0.21825    -0.260498    0.0469859
      4.013      4.191          8     4.58657     138.285      0.65157     -0.33233   -0.0316749     0.108954    0.0523051   -0.0302055
      4.191      4.363          8     4.30915     100.136     0.709676     -0.35453   -0.0487701     0.106529    0.0550168   -0.0284072
      4.363      4.538          8     3.95887      94.492     0.786065    -0.402153   -0.0800885     0.129165    0.0784602   -0.0413019
      4.538      4.716          8     3.61729      68.291     0.740462    -0.322383   -0.0743525     0.132597    0.0911298   -0.0517829
      4.716      4.889          8     3.36598     40.1062     0.739133    -0.292584   -0.0673225     0.163319      0.12147   -0.0687594
      4.889      5.191          8     3.05673     35.8735     0.487662     0.159452    0.0137236   -0.0224599   -0.0112412    0.0103899
