     -5.191     -4.889          8     3.08522     47.6626     0.633024    0.0294905   -0.0184779    0.0271279    0.0235975   -0.0199068
     -4.889     -4.716          8     3.42333     30.1584     0.377813      0.19786    0.0848113    0.0241642  -0.00293304   -0.0119371
     -4.716     -4.538          8     3.59417     89.3439     0.733916    -0.346248    -0.050421     0.130022    0.0722358   -0.0434912
     -4.538     -4.363          8     4.11861     98.1285     0.900499    -0.574389    -0.111828      0.17339     0.105486   -0.0551908
     -4.363     -4.191          8     4.46405     128.203     0.842959    -0.563938   -0.0692061     0.161766    0.0812758   -0.0441045
     -4.191     -4.013          8     4.72571     170.561      1.74268      -2.6892      1.28519     0.353566    -0.360318    0.0636359
     -4.013     -3.839          8     4.82583     172.714      1.84585     -2.85373      1.32428     0.380728    -0.368199    0.0631253
     -3.839     -3.664          8     4.78253     243.669      1.83706      -2.9191      1.45207      0.30734    -0.354012    0.0626394
     -3.664     -3.489          8     4.85483     243.091      1.76402     -2.71996      1.33068     0.291571    -0.322202    0.0560203
     -3.489     -3.314          8     4.69557     245.927       1.7598     -2.71606      1.35006     0.288687    -0.328295    0.0577464
     -3.314     -3.139          8     4.60677     355.704       1.6688     -2.51003      1.29162     0.210997     -0.27508    0.0482412
     -3.139     -2.964          8     4.22727     341.195      1.55097     -2.22617      1.19639     0.182385    -0.256836    0.0460398
     -2.964     -2.853          8     3.54259     489.861      1.72221     -2.44827      1.34532     0.156043    -0.254107    0.0450367
     -2.853      -2.65          8     3.19487     527.642      1.53586     -1.89974      1.00644     0.102924    -0.170116    0.0290933
      -2.65       -2.5          8     3.05885     731.324      1.48758     -1.72278     0.920848    0.0907279    -0.156521     0.027063
       -2.5     -2.322          8     3.00046     744.058      1.52648     -1.67805     0.875251    0.0897302     -0.14863    0.0255266
     -2.322     -2.172          8      2.8123      557.32      1.50917     -1.48583     0.750813    0.0809318    -0.127356    0.0216903
     -2.172     -2.043          8     2.75229     752.155       1.5087     -1.33696     0.662537    0.0597218    -0.102271    0.0170455
     -2.043      -1.93          8      2.6564     964.352      1.19927    -0.537243     0.226487    0.0307401   -0.0340747    0.0051104
      -1.93      -1.83          8      2.6224     758.763      1.27691     -0.52414     0.193182    0.0305044   -0.0292008   0.00424847
      -1.83      -1.74          8     2.53078     757.285      1.11661    -0.112477   -0.0306868    0.0148766   0.00636856  -0.00206859
      -1.74     -1.653          8     2.65642     789.227       1.1751    -0.131816   -0.0393941    0.0141848   0.00685609  -0.00193834
     -1.653     -1.566          8     2.71926     814.879      1.14944    -0.113156   -0.0413368    0.0106957   0.00612511  -0.00146599
     -1.566     -1.479          8     2.64371       831.5      1.16222    -0.118563   -0.0419145    0.0109688   0.00615298  -0.00153184
     -1.479     -1.392          8     2.65007     755.408      1.14973     -0.06769   -0.0367894   0.00696946   0.00482508  -0.00104131
     -1.392     -1.305          8     2.58325     759.271      1.16686   -0.0799486   -0.0372776    0.0081814   0.00508029  -0.00123011
     -1.305     -1.218          8     2.62899     1076.34      1.03848     0.234517    -0.245005   0.00983895    0.0362209  -0.00730119
     -1.218     -1.131          8     2.60534     1098.31      1.09358   -0.0392517   -0.0266895   0.00483466     0.003103 -0.000704588
     -1.131     -1.044          8     2.71671     1105.86       1.0749     -0.03279   -0.0234421   0.00527965   0.00298714 -0.000776055
     -1.044     -0.957          8     2.65454     2873.24      1.11829    -0.168053    0.0659783   0.00366325  -0.00816638   0.00132528
     -0.957     -0.879          8     2.73904     3330.25      1.00187    0.0100977   -0.0138818  0.000944507  0.000940635 -0.000156166
     -0.879     -0.783          8     2.67189     3146.94      1.04152   -0.0256462   -0.0138027   0.00452939   0.00173289 -0.000453795
     -0.783     -0.696          8     2.69747     1529.31      1.04933    -0.131037    0.0626371    0.0041917  -0.00854438   0.00138907
     -0.696     -0.609          8     2.77556     1975.07     0.982597     0.014904   -0.0131367   0.00227295   0.00141991  -0.00038794
     -0.609     -0.522          8     2.80072     1484.46     0.970424    0.0320373   -0.0147957  0.000827658   0.00139898 -0.000278607
     -0.522     -0.435          8     2.75047     3806.57     0.958607    0.0371982  -0.00948936  1.48944e-06  0.000528092 -9.36662e-05
     -0.435     -0.348          8     2.73317     3642.58     0.916906     0.069621  -0.00914863  -0.00266991 -1.23124e-05  0.000136864
     -0.348     -0.261          8     2.79884     4354.63     0.920171    0.0723254  -0.00857578  -0.00291337 -0.000134851  0.000146163
     -0.261     -0.174          8     2.75471     2389.96     0.888686     0.093043  -0.00774203   -0.0043818 -0.000440695  0.000281304
     -0.174     -0.087          8     2.70071     3188.13      1.07612    -0.174017    0.0982328   0.00108979   -0.0107327   0.00174207
     -0.087          0          8     2.59901      2340.7     0.981437   -0.0638429    0.0743679  -0.00323597  -0.00963691   0.00181722
          0      0.087          8     2.72077     2747.32     0.895751    0.0964166  -0.00635493  -0.00415471  -0.00047571  0.000249045
      0.087      0.174          8     2.74762     3130.53     0.965386    0.0417169   -0.0086466  0.000148931  0.000545556 -0.000107889
      0.174      0.261          8      2.7305     4254.93     0.837266     0.210582    -0.073594  -0.00352105   0.00695764  -0.00101858
      0.261      0.348          8     2.59272     3650.62      1.20234    -0.361747     0.176323   0.00398949   -0.0186838   0.00295263
      0.348      0.435          8     2.74621     2392.98     0.970921    0.0318391    -0.010802  0.000671278  0.000823925 -0.000180506
      0.435      0.522          8     2.67887     2785.31     0.947859     0.045782  -0.00944247 -0.000246897  0.000554095 -9.81254e-05
      0.522      0.609          8      2.6969     1508.36     0.938412    0.0605579   -0.0111484  -0.00198774   0.00031916  4.16851e-05
      0.609      0.696          8     2.81299     1498.44      0.97766    0.0199625   -0.0136615   0.00253522   0.00168276 -0.000498817
      0.696      0.783          8     2.76567     1506.75      1.02137   -0.0100003   -0.0166063   0.00403131   0.00209104 -0.000541226
      0.783      0.879          8     2.71361     1476.65       1.0909   -0.0621525   -0.0205552    0.0102107   0.00404082  -0.00134393
      0.879      0.957          8     2.73218     2954.07      1.01025    0.0128719   -0.0157785  0.000742164   0.00109806 -0.000168123
      0.957      1.044          8     2.61034     2802.45      1.02797  -0.00111925    -0.015882   0.00208558   0.00139184 -0.000293537
      1.044      1.131          8     2.70084     1079.21      1.16605    -0.226866    0.0914779   0.00809846   -0.0139671   0.00236274
      1.131      1.218          8     2.69581     736.166      1.16646   -0.0811677   -0.0358324    0.0117073    0.0063882  -0.00195202
      1.218      1.305          8     2.50996     698.712      1.21996    -0.110943   -0.0406391    0.0151996   0.00799913  -0.00230084
      1.305      1.392          8     2.50626     1876.87      1.18358    0.0160206    -0.110941      0.01161    0.0147185  -0.00308257
      1.392      1.479          8     2.59653     762.396      1.18817    -0.088348   -0.0393914   0.00862409   0.00537037  -0.00127299
      1.479      1.566          8     2.80497     811.282     0.970864     0.293901     -0.23995  -0.00607917    0.0362691  -0.00658305
      1.566      1.653          8     2.63591     795.658      1.19282    -0.118686   -0.0438583    0.0107202   0.00630063  -0.00147727
      1.653       1.74          8     2.61515     1099.67      1.22115    -0.163531   -0.0355892    0.0165442   0.00656591  -0.00199549
       1.74       1.83          8     2.62673     1036.05      1.23941    -0.350122     0.095886    0.0182122   -0.0132249   0.00174763
       1.83       1.93          8     2.75825      781.27      1.12985    -0.328367     0.110858    0.0204768    -0.016886    0.0023415
       1.93      2.043          8     2.68774     794.775      1.47371     -1.11216     0.502136    0.0535783   -0.0770125    0.0124528
      2.043      2.172          8     2.82576     785.551      1.45926     -1.27452     0.616085    0.0588664   -0.0946907    0.0155923
      2.172      2.322          8     2.95062     789.264      1.42003     -1.36808      0.68898    0.0620174    -0.105874    0.0175667
      2.322        2.5          8     2.98039     800.908       1.4345     -1.52945     0.794059    0.0671292    -0.122286    0.0205015
        2.5       2.65          8     3.13168     577.183      1.56435     -1.88547      0.97976     0.101012    -0.166125    0.0284755
       2.65      2.853          8     3.29834     426.908      1.61397     -2.07974       1.0658     0.141325    -0.198727    0.0339958
      2.853      2.964          8     3.53783     398.805      1.67621     -2.36655       1.2601     0.198208    -0.268875    0.0476296
      2.964      3.139          8      4.1098     351.694      1.50931     -2.29537      1.30511     0.177991    -0.283455    0.0523868
      3.139      3.314          8     4.55149     353.403      1.66514     -2.52541      1.30892     0.210661    -0.279184    0.0492326
      3.314      3.489          8      4.8745     242.615      1.77017     -2.70992      1.32812     0.291167    -0.321827    0.0558628
      3.489      3.664          8     4.82595     243.148      1.74889     -2.68959      1.31908     0.287194    -0.319957    0.0558437
      3.664      3.839          8     4.89936       181.1      1.80426     -2.77056      1.28557     0.369802    -0.357307    0.0612392
      3.839      4.013          8     4.85876     181.309       1.8399     -2.86792      1.35529     0.378711    -0.379439    0.0662962
      4.013      4.191          8     4.70222     136.719     0.853925    -0.594433   -0.0734609       0.1686    0.0849275   -0.0458244
      4.191      4.363          8     4.46613     102.608     0.797938    -0.525537   -0.0583003     0.155554    0.0764235   -0.0429233
      4.363      4.538          8     4.16572     95.8366     0.901243    -0.556683    -0.115683      0.16402     0.102387   -0.0513261
      4.538      4.716          8     3.57803     70.9634     0.826483    -0.442622    -0.101742     0.166831      0.11503   -0.0661741
      4.716      4.889          8     3.42091      53.888       0.4823    0.0495429     0.056703    0.0702218    0.0263331   -0.0319692
      4.889      5.191          8     3.05827     48.1159     0.635338    0.0248732   -0.0176149    0.0308302    0.0255971   -0.0214647
