     -5.191     -4.889          8     2.83165      36.008     0.882046    -0.268781    -0.148099     0.116171     0.130452   -0.0708643
     -4.889     -4.716          8     3.06973     57.0527     0.793976    -0.259929   -0.0666454     0.115739    0.0802286    -0.047047
     -4.716     -4.538          8     3.33532     68.8019     0.838604    -0.376506    -0.108256     0.131567    0.0981279    -0.052226
     -4.538     -4.363          8     3.81089     97.0989     0.911438    -0.477575    -0.116933     0.133097    0.0875102   -0.0424631
     -4.363     -4.191          8     4.11994     124.736      0.85723    -0.476171   -0.0808548     0.126718    0.0689309   -0.0339017
     -4.191     -4.013          8     4.39761     170.277      0.70973    -0.339885   -0.0366668     0.090648    0.0408501   -0.0210918
     -4.013     -3.839          8     4.58858      220.39      1.36197     -1.80043     0.832541     0.201607    -0.196981    0.0324151
     -3.839     -3.664          8     4.79733     177.945     0.627574    -0.274698     -0.02621    0.0782139     0.035009   -0.0177063
     -3.664     -3.489          8     4.72518     246.311      1.38251     -1.93722     0.959686     0.209624    -0.231453    0.0400566
     -3.489     -3.314          8     4.76658      340.09      1.27152     -1.64811     0.815101     0.148987    -0.169198    0.0281336
     -3.314     -3.139          8     4.40849     361.095      1.25729     -1.67015     0.896651     0.139977    -0.191201    0.0337366
     -3.139     -2.964          8     4.00254     333.459      1.23758     -1.44282     0.756346     0.125152    -0.159999    0.0277187
     -2.964     -2.853          8     3.41113     383.381      1.34986     -1.47081     0.719025     0.138393     -0.14757     0.023881
     -2.853      -2.65          8     3.10118     524.979      1.39292     -1.38374     0.655707    0.0883563    -0.107069    0.0167833
      -2.65       -2.5          8     2.89868     542.007      1.35765     -1.15917      0.52076    0.0767914   -0.0842994     0.012821
       -2.5     -2.322          8     2.82512     546.013      1.46646     -1.23828     0.545281    0.0793456   -0.0892549    0.0138116
     -2.322     -2.172          8     2.77314     551.416      1.38139    -0.956556     0.396613    0.0637312   -0.0645171   0.00965674
     -2.172     -2.043          8     2.63192     742.818      1.36897    -0.780454     0.285806    0.0554379   -0.0456496    0.0062985
     -2.043      -1.93          8     2.62045     740.245      1.06706    -0.135141   -0.0291101    0.0217534   0.00875527  -0.00324546
      -1.93      -1.83          8     2.64599     754.472      1.08348    -0.103759   -0.0294245    0.0142972   0.00622879  -0.00195015
      -1.83      -1.74          8     2.61084      759.24      1.08474   -0.0704746   -0.0330991   0.00836635   0.00496834  -0.00117997
      -1.74     -1.653          8     2.62733     782.851      1.05054   -0.0390217   -0.0327165   0.00387978    0.0037166 -0.000632439
     -1.653     -1.566          8     2.65306     808.614     0.742055     0.493726    -0.281049   -0.0195185    0.0421316  -0.00707576
     -1.566     -1.479          8     2.66523     1692.75     0.955887     0.123412    -0.101526  -0.00185538    0.0116475  -0.00185869
     -1.479     -1.392          8     2.55263     748.139      1.06405   -0.0254399   -0.0319496   0.00425289   0.00407463 -0.000858887
     -1.392     -1.305          8     2.46073     752.408      1.00412    0.0345964   -0.0273368  -0.00382034    0.0012838  0.000292851
     -1.305     -1.218          8     2.50715     733.631     0.711108     0.665241    -0.390499   -0.0263703    0.0671475   -0.0122469
     -1.218     -1.131          8     2.55535     1075.65      1.00753    0.0277911   -0.0231516   -0.0020154   0.00123948  8.65632e-05
     -1.131     -1.044          8     2.58151      1095.1      1.13983    -0.222433     0.097208     0.007318    -0.014973   0.00256719
     -1.044     -0.957          8     2.60973     1053.18      1.03001  -0.00127025   -0.0204146   0.00258676   0.00214184 -0.000477134
     -0.957     -0.879          8     2.59805     1549.45      1.08235    -0.143329    0.0606114   0.00450386  -0.00846619   0.00138001
     -0.879     -0.783          8     2.57173     3207.07     0.883653     0.190613   -0.0939545 -0.000527636    0.0094535   -0.0015245
     -0.783     -0.696          8     2.61826     1502.97     0.997928    0.0119288   -0.0166293    0.0015839   0.00153632   -0.0002822
     -0.696     -0.609          8     2.60423     1053.49      0.97845     0.026136    -0.016153  0.000971313   0.00152374 -0.000282862
     -0.609     -0.522          8     2.57608      3589.3     0.975824    0.0242473   -0.0110755  0.000884698  0.000838967 -0.000151956
     -0.522     -0.435          8     2.55861     2872.49      1.07165    -0.161714    0.0860556   0.00263283    -0.010493   0.00172416
     -0.435     -0.348          8     2.64195     1963.14     0.960979    0.0353442   -0.0111761   0.00073654  0.000933857 -0.000246457
     -0.348     -0.261          8     2.66425     2367.16     0.957067    0.0421873   -0.0103537 -9.15231e-05  0.000657301 -0.000105216
     -0.261     -0.174          8     2.65318        2408      1.01675   -0.0882004     0.066391 -0.000629068  -0.00860844   0.00153437
     -0.174     -0.087          8     2.50361     2332.34     0.938711    0.0566725  -0.00900437  -0.00100145  0.000398314 -2.04915e-05
     -0.087          0          8     2.60733     2778.07      1.02161   -0.0800906    0.0603102  0.000453244  -0.00765058   0.00130719
          0      0.087          8     2.67433     2730.95     0.809686      0.29232     -0.11269   -0.0060199    0.0120694  -0.00183515
      0.087      0.174          8     2.68432     3165.72     0.950171    0.0511287  -0.00804992 -0.000573805  0.000355836 -5.07108e-05
      0.174      0.261          8     2.55929     4287.09     0.958888     0.040561  -0.00868882  0.000213822  0.000569247 -0.000108444
      0.261      0.348          8     2.65221     3675.72     0.946171    0.0575229  -0.00950156    -0.001588  0.000230832  4.41827e-05
      0.348      0.435          8     2.69202     2789.89     0.954426    0.0506165   -0.0114398  -0.00122781   0.00048264  8.29897e-06
      0.435      0.522          8     2.55415     2808.85      1.14982    -0.273976     0.131183   0.00587775   -0.0154314   0.00243608
      0.522      0.609          8     2.61478     1916.17      1.07861    -0.165579    0.0846872   0.00487981   -0.0114008   0.00185779
      0.609      0.696          8     2.62235     1491.59      0.97607    0.0297103   -0.0152926   0.00094487   0.00146827 -0.000283197
      0.696      0.783          8     2.57193     1502.63      0.99638    0.0163395   -0.0162457   0.00126252   0.00143767 -0.000251544
      0.783      0.879          8     2.60707     1499.56      1.01567 -0.000791399   -0.0170422   0.00383437   0.00222228 -0.000635965
      0.879      0.957          8     2.60562      1070.8       1.1253    -0.198396    0.0852822   0.00750112   -0.0130157   0.00217044
      0.957      1.044          8     2.61971     2846.04      1.13022     -0.16886    0.0622517   0.00465671  -0.00770468   0.00119273
      1.044      1.131          8     2.59005     1067.32      1.14779    -0.216196    0.0964942   0.00677921     -0.01499   0.00259707
      1.131      1.218          8     2.47541     730.891      1.06722 -0.000866649   -0.0294137   0.00195798   0.00321633 -0.000582326
      1.218      1.305          8     2.42932     1009.15     0.942823      0.31011    -0.213955 -0.000896315     0.030558  -0.00567943
      1.305      1.392          8     2.43903     1039.86     0.939789     0.245399    -0.141262  -0.00732519    0.0183275  -0.00296286
      1.392      1.479          8     2.50973     1573.58      1.06745    -0.021041   -0.0237554   0.00213586    0.0019593 -0.000354283
      1.479      1.566          8     2.76384     1648.68      1.00561     0.158406    -0.148478   0.00108114    0.0180544    -0.003136
      1.566      1.653          8     2.63494     790.329     0.924209     0.237369    -0.167543  -0.00797378    0.0243523  -0.00416277
      1.653       1.74          8     2.66843     1107.55      1.11473   -0.0732326   -0.0333272   0.00644913   0.00403695  -0.00080944
       1.74       1.83          8     2.77745      780.41      1.09315   -0.0855246   -0.0328332    0.0101543    0.0052924  -0.00146657
       1.83       1.93          8     2.54631     782.558       1.1965    -0.379559     0.115197    0.0237084   -0.0173969   0.00231771
       1.93      2.043          8     2.64152     790.488      1.15216     -0.37971     0.110578    0.0265482   -0.0156691   0.00176367
      2.043      2.172          8     2.71143     776.878      1.21529    -0.605804     0.225008    0.0379599   -0.0326493   0.00444525
      2.172      2.322          8     2.83959     779.857      1.34081    -0.942477     0.394139    0.0533761   -0.0583851   0.00866307
      2.322        2.5          8      2.8509     782.683      1.38311     -1.15173     0.510689    0.0627416   -0.0760039    0.0115852
        2.5       2.65          8     2.97793     570.035      1.40623     -1.30654     0.592461    0.0831746    -0.096876    0.0151001
       2.65      2.853          8     3.22923     551.295      1.36866     -1.39111     0.656471    0.0882502    -0.107298    0.0168566
      2.853      2.964          8     3.55144     402.333      1.44359     -1.70298      0.86359     0.120921    -0.159251    0.0266135
      2.964      3.139          8     3.88194     345.823      1.24765     -1.57973      0.87565     0.129812    -0.188066    0.0337015
      3.139      3.314          8     4.46925     446.805      1.12584     -1.31051     0.670505    0.0951562    -0.122477    0.0202507
      3.314      3.489          8     4.68106     244.339      1.35717     -1.89384      0.96056     0.203347    -0.232763    0.0408149
      3.489      3.664          8     4.84865     241.371      1.24854     -1.60095     0.749534     0.181307    -0.176298    0.0288984
      3.664      3.839          8     4.80792     230.987       1.2758     -1.60371     0.714337     0.185772     -0.16572    0.0259251
      3.839      4.013          8     4.51089     175.578     0.713763    -0.359738   -0.0385339    0.0953458    0.0432672   -0.0217967
      4.013      4.191          8     4.38795     133.237       0.7815    -0.394513   -0.0736243     0.104023    0.0585934    -0.027095
      4.191      4.363          8     4.14104     99.7997     0.842186    -0.439357    -0.107418     0.123336    0.0814768   -0.0384872
      4.363      4.538          8      3.7658     95.9059     0.895096    -0.476285    -0.112531     0.135535    0.0878596   -0.0431442
      4.538      4.716          8     3.39081     69.5039     0.840692    -0.379671    -0.109664     0.131785    0.0985597   -0.0522986
      4.716      4.889          8     3.09426     45.5274      0.80335    -0.245195   -0.0939551     0.113123    0.0958711   -0.0544514
      4.889      5.191          8     2.83316     46.8966     0.833864     -0.22259    -0.103017     0.093646    0.0863415   -0.0474452
