     -5.191     -4.889          8     2.88401     82.6593     0.722893  -0.00900489   -0.0480731   0.00323006    0.0108811  -0.00560627
     -4.889     -4.716          8     3.29155     37.8362      0.49109     0.147382   8.0553e-05   -0.0311949   -0.0139466    0.0122847
     -4.716     -4.538          8     3.66934     92.8104     0.708771    -0.249544   -0.0512363     0.091334    0.0541391   -0.0311305
     -4.538     -4.363          8     3.86935     100.118     0.700893    -0.313298   -0.0373873     0.100199    0.0490113   -0.0287137
     -4.363     -4.191          8     4.18164     145.382     0.717733    -0.379383   -0.0412684     0.118748    0.0576158   -0.0335026
     -4.191     -4.013          8      4.5043     163.896     0.683916    -0.346906    -0.030904      0.09604    0.0424535   -0.0219212
     -4.013     -3.839          8     4.74487     172.645      1.45614     -2.08343     0.990024       0.2752     -0.27546     0.048677
     -3.839     -3.664          8     5.05304     226.802      1.31696     -1.83573     0.901131     0.199616    -0.214482    0.0370563
     -3.664     -3.489          8     5.14357     228.187      1.29163     -1.81942     0.920782     0.194813    -0.220733    0.0390019
     -3.489     -3.314          8     5.08941     229.776      1.21035     -1.69996     0.915535     0.175321    -0.222917    0.0411871
     -3.314     -3.139          8     4.78604     472.076     0.894748     -1.00194     0.579889    0.0677398    -0.106032    0.0184492
     -3.139     -2.964          8     4.12982     328.609      1.07409     -1.24581     0.717157     0.102267    -0.153311    0.0278666
     -2.964     -2.853          8     3.57225     379.889      1.30323     -1.56466     0.862243     0.135065    -0.182177     0.032056
     -2.853      -2.65          8      3.3652      395.63       1.3748     -1.46062      0.72631     0.131145    -0.151923    0.0255687
      -2.65       -2.5          8     2.99369     401.162      1.39798     -1.34088     0.661821    0.0945378    -0.122623    0.0205638
       -2.5     -2.322          8     2.89204     543.612      1.42655     -1.25652     0.607979    0.0733194    -0.101768    0.0167952
     -2.322     -2.172          8     2.81501     535.637      1.38317     -1.03876     0.483462     0.061785   -0.0809479    0.0132146
     -2.172     -2.043          8      2.7336     533.264      1.33255    -0.803301     0.350556    0.0497481   -0.0585935   0.00933259
     -2.043      -1.93          8     2.71843     542.158      1.29178    -0.633769     0.264706    0.0392534   -0.0447869   0.00713726
      -1.93      -1.83          8     2.71673     990.128      1.24755    -0.471739     0.190587    0.0239422    -0.029997   0.00478849
      -1.83      -1.74          8     2.80959     968.955     0.621425     0.755653    -0.417799   -0.0243401    0.0648441     -0.01148
      -1.74     -1.653          8     2.75299     769.476      1.04776   -0.0220688   -0.0318365   0.00201047   0.00313989 -0.000423886
     -1.653     -1.566          8     2.80709     573.764       1.0511   -0.0348482   -0.0348879   0.00384338   0.00415314 -0.000793466
     -1.566     -1.479          8     2.82036     780.961      1.00779    0.0142614   -0.0305856  -0.00266384   0.00180399  0.000151463
     -1.479     -1.392          8     2.77326     738.072      1.01143    0.0149044   -0.0231751   0.00159755   0.00248084  -0.00062807
     -1.392     -1.305          8     2.68839       529.1      1.04191   0.00858875   -0.0286277  0.000514837    0.0027157 -0.000398082
     -1.305     -1.218          8     2.76336     709.788     0.646557     0.820349    -0.459694   -0.0329802     0.078725   -0.0143848
     -1.218     -1.131          8     2.80506     693.991     0.721558     0.646487    -0.343832    -0.027395    0.0579629   -0.0104053
     -1.131     -1.044          8     2.70965     698.506     0.998007    0.0491458   -0.0197373   -0.0016157    0.0013905 -0.000170865
     -1.044     -0.957          8     2.79984     693.687     0.578652     0.847297    -0.415583   -0.0397863    0.0697999   -0.0121856
     -0.957     -0.879          8     2.75618     692.455      1.02402    0.0224997   -0.0229906    0.0013978   0.00261904 -0.000504227
     -0.879     -0.783          8      2.7596     684.237       1.0015    0.0279388   -0.0214439   0.00130376   0.00255129  -0.00044886
     -0.783     -0.696          8     2.73294     699.851     0.992254    0.0140117   -0.0188796   0.00405339   0.00297769 -0.000901765
     -0.696     -0.609          8     2.80887     1318.86     0.976568    0.0255765   -0.0149251   0.00151123   0.00156063 -0.000359789
     -0.609     -0.522          8     2.80655     964.273      0.96352    0.0336772   -0.0155706   0.00133558   0.00177843 -0.000420382
     -0.522     -0.435          8      2.7359     1455.63     0.989104    0.0124587   -0.0158017    0.0028879   0.00198881 -0.000500375
     -0.435     -0.348          8     2.73796     702.009     0.975108    0.0271539   -0.0199743   0.00157174   0.00244991 -0.000504341
     -0.348     -0.261          8     2.75068     703.022     0.965101    0.0283397   -0.0183561   0.00209212   0.00247388 -0.000578901
     -0.261     -0.174          8      2.8225     712.398     0.916475    0.0758557   -0.0162513  -0.00444998  0.000488569  0.000326736
     -0.174     -0.087          8     2.75364     711.017     0.958086    0.0286268   -0.0170025   0.00233514   0.00233893 -0.000665089
     -0.087          0          8     2.80867     1826.35     0.936674    0.0354027   -0.0104157  0.000923135   0.00095755 -0.000252971
          0      0.087          8     2.78459     2059.71     0.898198    0.0673647   -0.0083641  -0.00238399 -1.05882e-05  9.11058e-05
      0.087      0.174          8     2.80187     980.801     0.938609     0.034916   -0.0127089   0.00193748   0.00165659 -0.000528055
      0.174      0.261          8     2.77646     965.953     0.953942     0.030243   -0.0147465   0.00192233   0.00183995 -0.000504189
      0.261      0.348          8     2.74658     708.546     0.935189    0.0531834   -0.0161816 -0.000909503   0.00145176 -0.000173954
      0.348      0.435          8       2.801     703.319     0.965838    0.0382747   -0.0186604  0.000370393   0.00197119 -0.000368518
      0.435      0.522          8     2.75934     1330.22      1.08299    -0.226147     0.132534   0.00486886   -0.0200727   0.00361608
      0.522      0.609          8      2.7574     693.238     0.956734    0.0411917   -0.0161572  0.000939406   0.00188944 -0.000479989
      0.609      0.696          8     2.72401     691.285     0.968952    0.0397248   -0.0180783  0.000509461   0.00197053  -0.00038873
      0.696      0.783          8     2.72401     1363.73     0.980272    0.0256623   -0.0144011    0.0016883   0.00155174 -0.000388956
      0.783      0.879          8     2.74295     690.069      1.01044    0.0143058   -0.0188596   0.00412477   0.00293996 -0.000954513
      0.879      0.957          8     2.68291     947.042      1.01748    0.0183914   -0.0190005   0.00239315   0.00230891 -0.000550165
      0.957      1.044          8     2.79125     1305.76     0.759316     0.558285    -0.301875   -0.0105301    0.0422402  -0.00749256
      1.044      1.131          8      2.7476     694.008     0.720538     0.662937    -0.354517   -0.0273367    0.0601209   -0.0108747
      1.131      1.218          8     2.75131     672.764     0.577473     0.945181    -0.489868     -0.04079    0.0835263   -0.0150099
      1.218      1.305          8     2.72046     672.083     0.722538     0.777341    -0.445807   -0.0285532    0.0768407   -0.0142955
      1.305      1.392          8     2.72895     700.626     0.773821     0.567297    -0.294653   -0.0263544    0.0485798  -0.00845731
      1.392      1.479          8     2.73855     750.977       1.2942    -0.511313     0.267739    0.0140035   -0.0450835   0.00836374
      1.479      1.566          8     2.73137     768.751      1.07393  -0.00490119   -0.0342495  -0.00111181   0.00246422 -5.24684e-05
      1.566      1.653          8     2.70831     770.785     0.908137     0.338545    -0.231878  -0.00938875    0.0349638  -0.00621295
      1.653       1.74          8     2.73481     764.447      1.05534   -0.0175648   -0.0297751     0.002258   0.00298894 -0.000501056
       1.74       1.83          8     2.72901     553.091      1.04687   -0.0397307   -0.0300529   0.00680534   0.00455772  -0.00125119
       1.83       1.93          8     2.72278     551.111      1.06198    -0.105252    -0.027901    0.0173568   0.00724056  -0.00275271
       1.93      2.043          8     2.78635      557.81      1.26172    -0.626432     0.258664    0.0390904   -0.0436372   0.00690661
      2.043      2.172          8     2.83623      553.92      1.28232    -0.768896     0.333158    0.0480418   -0.0555497   0.00879308
      2.172      2.322          8     2.91099     564.986      1.29062    -0.920429     0.422668    0.0565158   -0.0702706    0.0112782
      2.322        2.5          8     2.95305     551.001        1.336     -1.14526      0.55729    0.0670379   -0.0932038    0.0153755
        2.5       2.65          8     3.06911      561.06      1.35082     -1.28548      0.63692    0.0754959    -0.106178    0.0174992
       2.65      2.853          8     3.42745     560.186      1.35095     -1.45218     0.751454     0.083053    -0.125743    0.0210361
      2.853      2.964          8     3.57742     286.864      1.33793     -1.64199      0.87711      0.17841    -0.212206    0.0377854
      2.964      3.139          8     4.16269     326.771      1.08843     -1.28386     0.737531     0.105442    -0.157625    0.0286274
      3.139      3.314          8     4.79183       342.5      1.00067     -1.20824     0.671873     0.103497    -0.140481    0.0248351
      3.314      3.489          8       5.085     330.998      1.10846     -1.49483     0.821585     0.124427    -0.172509    0.0308345
      3.489      3.664          8     5.14322     230.903       1.3221     -1.92566      1.01158     0.198061    -0.246431    0.0453024
      3.664      3.839          8     5.06827     225.642       1.4923     -2.19475      1.09335     0.233332    -0.264702    0.0467162
      3.839      4.013          8     4.72284     172.402      1.55618     -2.26386       1.0644     0.299924    -0.296379    0.0518309
      4.013      4.191          8     4.52059     165.701     0.687065    -0.353716   -0.0304469     0.098133     0.043119   -0.0224691
      4.191      4.363          8     4.18992     169.361      1.60142     -2.40739      1.23525     0.302417    -0.356204    0.0670333
      4.363      4.538          8     3.87935     122.782     0.840291     -0.45106   -0.0740147     0.123362    0.0664202   -0.0329873
      4.538      4.716          8     3.67343     84.1639     0.862996    -0.441971   -0.0866195     0.143001    0.0862148   -0.0462151
      4.716      4.889          8     3.28783     71.7774     0.626997   -0.0595099   -0.0223801    0.0532394    0.0348654   -0.0258779
      4.889      5.191          8     2.87394     60.2864     0.630947    0.0643144  -0.00611521     0.012963   0.00967942   -0.0114587
