     -5.191     -4.889          8     3.07821     36.0078     0.541723     0.174269    0.0105777   -0.0301603   -0.0172998   0.00760101
     -4.889     -4.716          8     3.40645     50.8732     0.433709     0.106809    0.0814286    0.0646816    0.0178739    -0.029751
     -4.716     -4.538          8     3.51608     71.7558     0.805355    -0.409726   -0.0932524     0.158335     0.108375   -0.0632548
     -4.538     -4.363          8     4.11842     99.5308     0.892672    -0.566989    -0.108842     0.172642     0.104504   -0.0550247
     -4.363     -4.191          8     4.43873     133.064     0.796902    -0.530099   -0.0561995     0.158556    0.0773998   -0.0436598
     -4.191     -4.013          8     4.68902     172.188      1.77931     -2.76578       1.3239     0.363545    -0.371037    0.0656344
     -4.013     -3.839          8     4.80024      174.44      1.80797     -2.79721      1.31389     0.371011    -0.366286     0.063643
     -3.839     -3.664          8     4.83442     247.011      1.82869     -2.92959      1.48045     0.304827    -0.362448    0.0649844
     -3.664     -3.489          8     4.79129     242.776      1.69433     -2.61118      1.29694     0.277682    -0.314281    0.0553296
     -3.489     -3.314          8     4.64393      246.19      1.72403     -2.68322      1.36178     0.281086     -0.33259    0.0595293
     -3.314     -3.139          8     4.61035     356.969      1.67727     -2.54281      1.31804     0.212588      -0.2809    0.0494846
     -3.139     -2.964          8     4.21038     342.659      1.48384     -2.11767      1.15867     0.171808    -0.249055    0.0449936
     -2.964     -2.853          8     3.54731     487.974      1.68084     -2.35663      1.29299     0.152494    -0.243273    0.0428628
     -2.853      -2.65          8     3.19347     527.309      1.51346     -1.85752     0.988885     0.100957    -0.166894    0.0285218
      -2.65       -2.5          8     3.02847     731.718      1.47425     -1.69304     0.911498    0.0888395    -0.154884    0.0268261
       -2.5     -2.322          8       2.977     544.701      1.49268     -1.59739     0.838593    0.0858775    -0.142157    0.0243857
     -2.322     -2.172          8     2.79669     757.178      1.40037     -1.28086     0.666255    0.0566004     -0.10266    0.0172015
     -2.172     -2.043          8     2.70248     549.978       1.5312     -1.35215     0.671294    0.0730063    -0.114339    0.0195323
     -2.043      -1.93          8     2.69226     745.518     0.991465   -0.0952015   -0.0176739    0.0203688   0.00737943  -0.00315044
      -1.93      -1.83          8     2.61113     1039.54      1.22505    -0.411121     0.148146    0.0211863   -0.0199391   0.00277141
      -1.83      -1.74          8     2.50583     757.242      1.11664   -0.0954936   -0.0299646    0.0130702   0.00585958  -0.00184419
      -1.74     -1.653          8      2.7273     788.242      1.23068    -0.157698   -0.0418776    0.0170693   0.00779084  -0.00230551
     -1.653     -1.566          8     2.61347     1631.41      1.14809     -0.10647   -0.0313512    0.0090089   0.00412043 -0.000980207
     -1.566     -1.479          8     2.83061     821.954     0.878114     0.363766    -0.244149   -0.0111147    0.0366215  -0.00643477
     -1.479     -1.392          8     2.66008     748.319      1.13646   -0.0452923    -0.036785   0.00586512   0.00493398   -0.0010788
     -1.392     -1.305          8     2.59496     755.292      1.20578    -0.090445   -0.0401818   0.00891114   0.00554895  -0.00129449
     -1.305     -1.218          8     2.55172     728.469     0.901435     0.537397    -0.405079  -0.00916371     0.072073   -0.0143657
     -1.218     -1.131          8     2.56979     1052.93       1.0784  -0.00625019   -0.0215499   0.00307511   0.00231782   -0.0005448
     -1.131     -1.044          8     2.68182     1082.79      1.07968  -0.00505474   -0.0231853    0.0025866   0.00238957 -0.000453951
     -1.044     -0.957          8     2.64097      2779.5       1.0732   -0.0147666   -0.0159031   0.00367313   0.00173817 -0.000449116
     -0.957     -0.879          8     2.68458     3230.99      1.02685   0.00943908   -0.0134313   0.00157937   0.00109325 -0.000208898
     -0.879     -0.783          8     2.68485     3114.24      1.05108   -0.0208938   -0.0125125   0.00463559   0.00168685 -0.000470739
     -0.783     -0.696          8     2.69773      1965.5     0.995694   0.00503789   -0.0130812   0.00357741   0.00175285 -0.000513573
     -0.696     -0.609          8     2.75518     1548.38     0.982591    0.0162576   -0.0129132   0.00233772   0.00144642 -0.000389523
     -0.609     -0.522          8     2.64359     3869.05       1.1585    -0.294941     0.133514   0.00536439   -0.0139993   0.00211521
     -0.522     -0.435          8     2.73675     3887.57     0.967788    0.0220998   -0.0100913   0.00126591  0.000848566 -0.000192484
     -0.435     -0.348          8     2.75701     3744.77     0.939916    0.0369532  -0.00896704  0.000184055  0.000556695 -0.000105775
     -0.348     -0.261          8     2.78386     4438.06     0.966742    0.0238909   -0.0109199  0.000939729  0.000843263 -0.000158619
     -0.261     -0.174          8     2.65726     2970.85      1.15584     -0.37882     0.200304   0.00446029   -0.0236059   0.00392026
     -0.174     -0.087          8     2.70449     2016.11      1.09915    -0.224675     0.101755   0.00629749   -0.0117805    0.0017801
     -0.087          0          8     2.72182     2998.13      1.08978    -0.270553     0.148662   0.00284215   -0.0177293   0.00296963
          0      0.087          8     2.85814     2943.11     0.885375    0.0686657  -0.00705692  -0.00203139  8.99902e-06   5.7325e-05
      0.087      0.174          8     2.62052     2503.02       1.0586    -0.170834    0.0886265   0.00307782   -0.0106238   0.00172819
      0.174      0.261          8     2.68643     4501.29       1.0304    -0.123316    0.0633538   0.00245297  -0.00686517   0.00104156
      0.261      0.348          8     2.60583     2500.56      1.13777    -0.307125     0.158016   0.00415108   -0.0187061   0.00309161
      0.348      0.435          8     2.81093     2005.35     0.967599    0.0222047   -0.0111738    0.0014377   0.00102045 -0.000245946
      0.435      0.522          8     2.74199     1530.38     0.952263    0.0338688   -0.0119839  0.000850825   0.00109306 -0.000226332
      0.522      0.609          8     2.77227     1972.28     0.934546    0.0578209    -0.011968  -0.00180841  0.000466136  4.27278e-05
      0.609      0.696          8      2.8166     1974.28     0.990025    0.0116637   -0.0138649    0.0028699   0.00170557 -0.000422787
      0.696      0.783          8     2.58804     1524.25      1.25261    -0.409706     0.179178    0.0127196    -0.022895   0.00360428
      0.783      0.879          8     2.64512     1050.11       1.0281  -0.00188565   -0.0164481   0.00454124   0.00240873 -0.000704092
      0.879      0.957          8     2.72515     2875.84      1.04421  0.000401662   -0.0153002   0.00252804   0.00150015 -0.000333829
      0.957      1.044          8     2.59913     2773.22      1.02529     0.025371   -0.0149217 -1.03457e-05  0.000878829 -0.000109401
      1.044      1.131          8     2.57847     1513.63       1.3182    -0.400687      0.15391    0.0137705   -0.0196923   0.00301425
      1.131      1.218          8     2.63075     1894.36      1.15929   -0.0550917   -0.0219878   0.00743686   0.00314708 -0.000899691
      1.218      1.305          8     2.47823     991.516      1.21986   -0.0951615   -0.0342144    0.0130844   0.00636987  -0.00180568
      1.305      1.392          8     2.52547     1876.53      1.25667    -0.107373   -0.0318604    0.0100673   0.00443694  -0.00110726
      1.392      1.479          8     2.55793     1102.51      1.21158   -0.0874717   -0.0353552   0.00794579   0.00446807  -0.00102581
      1.479      1.566          8     2.73811     793.535      1.06478     0.220709    -0.224635 -0.000265866    0.0345169   -0.0065429
      1.566      1.653          8     2.62484     779.956      1.21202    -0.115394   -0.0434935    0.0107483   0.00629368  -0.00148915
      1.653       1.74          8     2.57465     1541.73      1.20775    -0.136295   -0.0295897    0.0131163   0.00492055  -0.00143195
       1.74       1.83          8     2.65064     767.663      1.30404     -0.39806     0.104856    0.0251805   -0.0159796   0.00201316
       1.83       1.93          8     2.67449     778.548      1.00904   -0.0660144   -0.0214818    0.0118587   0.00491862  -0.00170692
       1.93      2.043          8     2.64528      1085.2      1.37707    -0.929627     0.433349    0.0347022   -0.0599018   0.00963928
      2.043      2.172          8      2.7875     779.422      1.41534     -1.16736     0.567396    0.0548433   -0.0869621    0.0142522
      2.172      2.322          8     2.94395     766.485      1.40433     -1.30322     0.656992    0.0602533    -0.100625    0.0165985
      2.322        2.5          8     2.98909     778.879      1.39312     -1.43316     0.754496    0.0630676    -0.116056    0.0194596
        2.5       2.65          8     3.08785     563.687      1.42306     -1.61855     0.862629    0.0871686    -0.145884    0.0250257
       2.65      2.853          8      3.2472     539.944      1.55669     -1.96458      1.04015     0.106152    -0.175749    0.0300754
      2.853      2.964          8     3.47796     390.444      1.64045     -2.29307      1.24192     0.191799    -0.264878    0.0471187
      2.964      3.139          8     4.20985     341.064       1.5113     -2.16138       1.1729     0.176433    -0.251757    0.0452894
      3.139      3.314          8     4.56274     353.307      1.58998     -2.40555      1.26682     0.199275    -0.270187    0.0479715
      3.314      3.489          8     4.87069     335.967      1.72696     -2.65995      1.35881     0.224988    -0.288581    0.0503596
      3.489      3.664          8     4.78183     241.302      1.73302     -2.67598      1.32541     0.284217    -0.321786    0.0566131
      3.664      3.839          8     4.82519     180.514      1.77181     -2.75188      1.31074     0.362864    -0.366546    0.0645106
      3.839      4.013          8      4.8555     138.211     0.815665    -0.558326   -0.0656234     0.161337    0.0804208   -0.0439383
      4.013      4.191          8     4.74734     134.585     0.869812    -0.607958   -0.0768484     0.171301    0.0869015   -0.0462455
      4.191      4.363          8      4.4585     101.683      0.84337    -0.570067   -0.0677234     0.164645    0.0821378   -0.0450031
      4.363      4.538          8     4.09353     77.4124     0.810316    -0.494485   -0.0853978     0.160353    0.0937449   -0.0517707
      4.538      4.716          8     3.57262     84.8144     0.938975    -0.548166    -0.102107     0.174227     0.104058   -0.0560433
      4.716      4.889          8     3.45822     42.5666     0.480884    0.0867146    0.0493198     0.054402    0.0219052   -0.0299345
      4.889      5.191          8     3.06417     38.1423     0.570347     0.167871  -0.00445235   -0.0405155   -0.0194789    0.0121364
