     -5.191     -4.889          8     3.02961     77.2301     0.550919     0.176505  -0.00256048   -0.0368665   -0.0165988   0.00723066
     -4.889     -4.716          8     3.48684     48.1788     0.490737     0.026397     0.026117     0.063124    0.0332411   -0.0327745
     -4.716     -4.538          8     3.63313     87.7592     0.586615    -0.144786   -0.0143256     0.076835    0.0403923   -0.0262218
     -4.538     -4.363          8     3.98353     93.5479     0.770509    -0.383544    -0.080488     0.121335    0.0753637    -0.037864
     -4.363     -4.191          8     4.33469     156.137      1.57732     -2.33915      1.15917     0.302056    -0.327841    0.0602319
     -4.191     -4.013          8     4.61105     166.502      1.55219     -2.35628        1.195     0.300231    -0.340032    0.0636807
     -4.013     -3.839          8       5.126     173.873       1.6275     -2.54942       1.3043     0.323276    -0.372574    0.0700551
     -3.839     -3.664          8     5.07023     227.265      1.43695     -2.16922      1.13826     0.221379    -0.278743    0.0515414
     -3.664     -3.489          8     5.12364     229.012      1.41389     -2.15146      1.14944      0.21763    -0.282233    0.0526969
     -3.489     -3.314          8     5.12433     336.177       1.1632     -1.66171     0.943101     0.131933    -0.200997    0.0370066
     -3.314     -3.139          8     4.92063     233.464      1.08198     -1.46892      0.84924     0.147089    -0.209345    0.0400931
     -3.139     -2.964          8     4.24227     422.603      0.90709     -1.00393     0.645919    0.0572212    -0.122535    0.0228411
     -2.964     -2.853          8     3.61004     283.862      1.34234     -1.73909     0.999386     0.178723    -0.246481    0.0463954
     -2.853      -2.65          8      3.4112     391.485      1.25837     -1.30588     0.688713     0.114229    -0.144764    0.0252094
      -2.65       -2.5          8      3.2089     400.709      1.26505      -1.1683     0.616919    0.0788007    -0.115026    0.0199648
       -2.5     -2.322          8     3.16067     543.282      1.23686     -1.00212       0.5288    0.0547863    -0.089204    0.0152989
     -2.322     -2.172          8     2.95224     536.131      1.21087    -0.773412     0.374469    0.0466326   -0.0623293     0.010233
     -2.172     -2.043          8     2.85954     538.885      1.28791    -0.796985      0.37778    0.0457751   -0.0638258    0.0106805
     -2.043      -1.93          8     2.81033     977.955      1.28108    -0.654211     0.296918     0.030925   -0.0460092   0.00755108
      -1.93      -1.83          8     2.73085     733.389      1.29105    -0.549019     0.225962    0.0323112   -0.0390097   0.00641755
      -1.83      -1.74          8      2.7802     561.017      1.10073   -0.0856358   -0.0314301    0.0133695   0.00643299  -0.00219717
      -1.74     -1.653          8     2.78271     568.152      1.09223   -0.0528242   -0.0369147   0.00613272   0.00498072  -0.00110285
     -1.653     -1.566          8     2.83217     583.661      1.07167   -0.0472601    -0.035988   0.00532334   0.00462071  -0.00102312
     -1.566     -1.479          8     2.89479      812.44      1.04644   -0.0206867    -0.031403   0.00154833   0.00283012 -0.000452955
     -1.479     -1.392          8     2.80599     737.331      1.06897   -0.0214197   -0.0281504   0.00542992   0.00401551  -0.00110879
     -1.392     -1.305          8     2.81145     745.266      1.08426  -0.00749917   -0.0336583   0.00114414   0.00334467 -0.000452707
     -1.305     -1.218          8     2.79058      727.91      1.09512   -0.0229297    -0.034021   0.00372292   0.00422387 -0.000728463
     -1.218     -1.131          8      2.8171     706.003      1.05041    0.0226479   -0.0269217 -0.000106241   0.00254547 -0.000269427
     -1.131     -1.044          8     2.79251     704.147      1.05813    0.0199053   -0.0279842  4.71984e-05   0.00273419 -0.000252102
     -1.044     -0.957          8     2.79633     710.984      1.01674    0.0511759   -0.0250008  -0.00352447   0.00152682   0.00024747
     -0.957     -0.879          8     2.82665     713.761      1.02824   0.00876269   -0.0204652    0.0042522   0.00306106 -0.000991548
     -0.879     -0.783          8     2.84419     704.126      1.01063    0.0168984   -0.0207338   0.00312586   0.00291961 -0.000743941
     -0.783     -0.696          8     2.84365      1573.5      1.00238   0.00459017   -0.0138951   0.00333288    0.0017443 -0.000483059
     -0.696     -0.609          8     2.88503     714.222     0.990611     0.011823   -0.0188673   0.00435552   0.00306531  -0.00093619
     -0.609     -0.522          8     2.86042     702.527     0.961961    0.0445078    -0.019232 -0.000564463     0.001866 -0.000172782
     -0.522     -0.435          8     2.85934     714.016     0.965987    0.0384375    -0.019286  0.000218003   0.00204442 -0.000304123
     -0.435     -0.348          8     2.86177     1419.37     0.965341    0.0274168   -0.0152704   0.00118482   0.00154767 -0.000296339
     -0.348     -0.261          8     2.90578     1036.09     0.952599    0.0333127   -0.0133474   0.00107405   0.00135699 -0.000306811
     -0.261     -0.174          8     2.94357     1531.19     0.934754    0.0463275   -0.0113525 -0.000594502  0.000660148 -9.76255e-05
     -0.174     -0.087          8     2.89619     728.349      0.92205    0.0519784   -0.0142898 -0.000199086   0.00142512 -0.000315336
     -0.087          0          8     2.92322     727.686     0.921177    0.0579775   -0.0161203  -0.00161845   0.00130403  -3.8839e-05
          0      0.087          8     2.93264     2112.74     0.914583    0.0534229   -0.0086268  -0.00105168   0.00029808 -3.36704e-05
      0.087      0.174          8     2.91029      728.12      0.93804     0.036727    -0.015247   0.00182184   0.00208387 -0.000580187
      0.174      0.261          8     2.91323     724.934     0.918642    0.0671285   -0.0159005  -0.00292521  0.000903398  0.000126538
      0.261      0.348          8     2.88919     720.499     0.957042    0.0354405   -0.0170867   0.00134307   0.00208732 -0.000520005
      0.348      0.435          8     2.92178     722.945     0.946073    0.0400086   -0.0150812   0.00136821   0.00188126 -0.000561712
      0.435      0.522          8     2.89792     1343.59     0.931616    0.0596407   -0.0130375  -0.00203175  0.000568671  3.97439e-05
      0.522      0.609          8     2.89258     706.845     0.945269    0.0623725   -0.0181485  -0.00291756   0.00110087  0.000133167
      0.609      0.696          8     2.87587     711.234     0.969161    0.0344881   -0.0174334    0.0015449   0.00219112 -0.000542429
      0.696      0.783          8     2.86075     700.352     0.975268    0.0336026   -0.0177522   0.00148771   0.00216071 -0.000558236
      0.783      0.879          8     2.82233     695.874      1.01387    0.0250357   -0.0221311   0.00147109   0.00262922 -0.000479688
      0.879      0.957          8     2.83007      694.95      1.03903   0.00731498   -0.0231232   0.00372949   0.00327482 -0.000827883
      0.957      1.044          8     2.79306     699.047      1.03583    0.0299672   -0.0248037 -0.000300053   0.00233195 -0.000244489
      1.044      1.131          8     2.78298     718.076      1.03748    0.0267034   -0.0228543  0.000753084   0.00232524 -0.000484156
      1.131      1.218          8     2.74801     688.996      1.08973   0.00793413   -0.0278989   0.00204382    0.0031997 -0.000590524
      1.218      1.305          8     2.72059     496.016      1.17458   -0.0585382   -0.0377134    0.0115739   0.00726998  -0.00221242
      1.305      1.392          8     2.73305     721.091      1.12411   0.00498395   -0.0355672 -0.000713947   0.00308946 -0.000153992
      1.392      1.479          8     2.76787     1007.12     0.980506     0.226435    -0.152843   -0.0043572    0.0200539  -0.00343703
      1.479      1.566          8     2.82996     566.844      1.06528   0.00924828   -0.0373842  -0.00333144   0.00242452  0.000211427
      1.566      1.653          8     2.77913     785.827      1.14217   -0.0670612   -0.0386375   0.00584127   0.00463356  -0.00089962
      1.653       1.74          8     2.71568     972.576      1.11635    -0.055066   -0.0353999    0.0057115   0.00443934 -0.000856993
       1.74       1.83          8     2.75434     753.288      1.08416   -0.0601859   -0.0317788   0.00757271   0.00464176  -0.00110162
       1.83       1.93          8     2.80412     753.146      1.20562    -0.406492     0.148353    0.0227065   -0.0229339   0.00345966
       1.93      2.043          8     2.89439     779.246      1.25314    -0.639056     0.277812    0.0323302   -0.0425249   0.00677742
      2.043      2.172          8        2.94     564.361      1.20748    -0.690438     0.319823    0.0410107   -0.0537638   0.00885926
      2.172      2.322          8     3.02761     761.832      1.13117    -0.691188     0.339124    0.0353501   -0.0510715   0.00817359
      2.322        2.5          8     3.13074     608.413     0.585857     -0.16132     0.295771   -0.0126472   -0.0561169    0.0121934
        2.5       2.65          8     3.28154     559.846      1.20375     -1.09178     0.580683    0.0607266    -0.097261    0.0165639
       2.65      2.853          8     3.45497      552.65      1.20078     -1.22366     0.668983    0.0674026    -0.111921    0.0191485
      2.853      2.964          8     3.62265     367.692       1.2661     -1.58678     0.927699     0.128805    -0.198369    0.0363771
      2.964      3.139          8     4.27124     330.393       1.0678     -1.33607     0.811671     0.102499      -0.1755    0.0330517
      3.139      3.314          8      4.9163     231.254       1.1879     -1.66702     0.938657     0.167753    -0.231544    0.0439016
      3.314      3.489          8     5.11109     230.577      1.27934     -1.90964      1.06498     0.189747    -0.262961    0.0501021
      3.489      3.664          8     5.13598     233.791      1.54224     -2.43336      1.31582     0.241164    -0.326368    0.0616806
      3.664      3.839          8     5.08586     227.219      1.52308     -2.35967      1.25174     0.237113    -0.308905     0.057714
      3.839      4.013          8     5.11779     172.295      1.51851     -2.29753       1.1534     0.295944    -0.326364    0.0603459
      4.013      4.191          8     4.87476     164.261     0.615356    -0.293674   -0.0155136     0.089521    0.0375455   -0.0205563
      4.191      4.363          8     4.33404     136.359     0.722958    -0.387702   -0.0485731     0.117128    0.0591972   -0.0315153
      4.363      4.538          8     3.97153     121.364      0.70971    -0.327467    -0.045389     0.100843    0.0521917   -0.0268078
      4.538      4.716          8     3.62406     71.6164     0.651309    -0.240937   -0.0411885     0.120068    0.0757261   -0.0487892
      4.716      4.889          8     3.49014     101.957      0.56253     0.092327   -0.0281581   -0.0260551  -0.00661838   0.00430556
      4.889      5.191          8     3.03239     65.0579     0.489774     0.213291    0.0318671   -0.0286282   -0.0212805   0.00473699
