     -5.191     -4.889          8      2.9408      47.459     0.273701     0.570452     0.136537     -0.13521    -0.113198     0.051193
     -4.889     -4.716          8     3.35026      64.383    0.0874431     0.560999     0.162188   -0.0905528   -0.0843885    0.0289193
     -4.716     -4.538          8     3.40875      84.595     0.708908    -0.304047   -0.0508783     0.113569    0.0659624   -0.0359623
     -4.538     -4.363          8     3.90009     95.6216     0.720454    -0.435268   -0.0600286     0.154636    0.0861453   -0.0498298
     -4.363     -4.191          8     4.23509     138.985     0.671929    -0.432933    -0.027824     0.143838    0.0662766   -0.0397079
     -4.191     -4.013          8     4.75194     162.125      1.94985     -3.27617      1.67015       0.4149    -0.476517    0.0895429
     -4.013     -3.839          8     4.96702     217.327      1.71086     -2.85391      1.53161        0.286    -0.379102    0.0709485
     -3.839     -3.664          8     4.80818     229.855      1.63603     -2.69603      1.44687     0.270584    -0.357394    0.0668818
     -3.664     -3.489          8     4.77554     232.722      1.69684     -2.79228      1.48826     0.281913    -0.367641    0.0683991
     -3.489     -3.314          8     4.76877     231.876      1.44008     -2.29945      1.27062     0.230577    -0.313936    0.0591906
     -3.314     -3.139          8     4.67878     236.733      1.38688      -2.1666      1.21404     0.216805    -0.300697     0.056912
     -3.139     -2.964          8     4.09763       336.7      1.10294     -1.54322     0.964251     0.114599    -0.209906     0.040051
     -2.964     -2.853          8     3.44553     284.508      1.24928     -1.68282      1.01237     0.173112    -0.249664    0.0473735
     -2.853      -2.65          8     3.25235     399.708      1.14998     -1.28685     0.748822     0.107978    -0.159268    0.0287961
      -2.65       -2.5          8     3.14186     403.859      1.08459     -1.04404     0.627984    0.0659107    -0.118354     0.021345
       -2.5     -2.322          8     3.06987     543.748      1.05835    -0.871749     0.529443    0.0432697   -0.0903476    0.0160957
     -2.322     -2.172          8      3.0111     541.629      1.11211    -0.808656     0.463564    0.0420142   -0.0790087    0.0138773
     -2.172     -2.043          8     2.80555     544.548      1.15681    -0.708134     0.384314    0.0373608   -0.0658132    0.0114972
     -2.043      -1.93          8     2.70172     980.847      1.15432    -0.536897     0.277106    0.0229301   -0.0435246   0.00743229
      -1.93      -1.83          8     2.64135     993.627      1.19593    -0.376796     0.139596     0.021813   -0.0214544   0.00318927
      -1.83      -1.74          8     2.67753     556.049     0.661986     0.756839    -0.453997   -0.0256893    0.0788214   -0.0148482
      -1.74     -1.653          8     2.61974     782.529      1.15401    -0.101231   -0.0386246    0.0106834   0.00598279   -0.0014642
     -1.653     -1.566          8     2.68007     1046.25      1.10277   -0.0838245   -0.0307537   0.00830337   0.00422737  -0.00106654
     -1.566     -1.479          8     2.84683     593.979      1.04944  -0.00972678   -0.0385886    -0.001219   0.00317781 -1.39372e-05
     -1.479     -1.392          8     2.71782     717.298     0.212764       1.6505    -0.877592   -0.0705127      0.15104   -0.0273719
     -1.392     -1.305          8     2.69919     724.441     0.176046      1.78576    -0.965892   -0.0757806     0.166387   -0.0302244
     -1.305     -1.218          8     2.73946     705.093     0.462433      1.30806    -0.767348     -0.04617     0.134022   -0.0252416
     -1.218     -1.131          8     2.74607     705.962     0.518574      1.12736    -0.624416   -0.0436981     0.107774    -0.019907
     -1.131     -1.044          8     2.71492     688.274     0.253775      1.58196    -0.834654   -0.0660764     0.144043    -0.026246
     -1.044     -0.957          8     2.73768     701.584     0.313882      1.42931    -0.745315   -0.0601081     0.128325   -0.0233141
     -0.957     -0.879          8     2.67821     925.493      1.04082   0.00929784   -0.0223541   0.00252776   0.00265077  -0.00053116
     -0.879     -0.783          8     2.75713     694.339     0.298296      1.40592     -0.73518   -0.0571576     0.127355   -0.0233457
     -0.783     -0.696          8     2.71276     1555.79      1.01247  0.000534932   -0.0152768   0.00344979   0.00188997 -0.000481179
     -0.696     -0.609          8     2.75925     727.151      0.97145    0.0346851   -0.0187561  0.000934527   0.00213956 -0.000445534
     -0.609     -0.522          8     2.75172     980.032     0.981353    0.0308978   -0.0190305  0.000725066   0.00198641 -0.000285313
     -0.522     -0.435          8     2.72043     715.912      0.99975   0.00874596   -0.0208854   0.00408096   0.00319924 -0.000864504
     -0.435     -0.348          8     2.74315     1411.22     0.833937     0.297978    -0.159788  -0.00426545    0.0221321  -0.00397823
     -0.348     -0.261          8      2.7378      728.15     0.961542    0.0314705   -0.0175337   0.00182478    0.0022782 -0.000573714
     -0.261     -0.174          8     2.79901     1520.82     0.955946    0.0331512    -0.013237    0.0004601   0.00108062 -0.000178805
     -0.174     -0.087          8     2.78064     731.234     0.914548    0.0577246   -0.0133394 -0.000740432   0.00117411 -0.000257456
     -0.087          0          8     2.78282     947.834      0.93328    0.0487749   -0.0153002 -0.000668087    0.0012902  -0.00013813
          0      0.087          8     2.79538     2106.31      0.91577    0.0546422  -0.00901953  -0.00126334  0.000283632 -8.13872e-06
      0.087      0.174          8     2.78439     1012.51     0.937168    0.0378444   -0.0120547  0.000862001    0.0011952 -0.000295519
      0.174      0.261          8     2.79023     729.049      0.93842    0.0474165   -0.0156409  4.76078e-05   0.00160696 -0.000347155
      0.261      0.348          8     2.77121     1022.67     0.943372    0.0436711   -0.0131685 -7.85907e-05   0.00107307  -0.00017447
      0.348      0.435          8     2.76407      1556.2     0.944066    0.0447656   -0.0126786 -0.000520633  0.000839953 -7.55699e-05
      0.435      0.522          8     2.72937     1351.51     0.921598     0.058473    -0.010568  -0.00123165  0.000528812 -8.59957e-05
      0.522      0.609          8     2.75221     702.519     0.968817    0.0453275   -0.0204404  -0.00106127   0.00185567 -9.25506e-05
      0.609      0.696          8     2.75662     715.415     0.964226    0.0473739   -0.0193709 -0.000980237   0.00176398 -0.000123487
      0.696      0.783          8     2.72748     698.139     0.977642    0.0364304   -0.0189503  0.000661932   0.00207517 -0.000413107
      0.783      0.879          8     2.74112     686.049     0.257941      1.45956    -0.753695   -0.0599885     0.130568   -0.0238797
      0.879      0.957          8     2.73653     694.361     0.264437      1.47759     -0.75973   -0.0631026     0.130774   -0.0236724
      0.957      1.044          8     2.70552     503.036     0.211782      1.60558    -0.827061   -0.0689604     0.142406   -0.0257585
      1.044      1.131          8     2.72669     505.147     0.478863      1.19159    -0.651882    -0.046676     0.112606   -0.0207671
      1.131      1.218          8     2.71661     495.297     0.319322      1.50994     -0.79666     -0.08128     0.151808   -0.0279682
      1.218      1.305          8     2.63519     889.396     0.689373     0.914956    -0.543484   -0.0216427    0.0858666   -0.0158596
      1.305      1.392          8     2.63673     708.181     0.595404       1.1261     -0.65597   -0.0423289     0.113203   -0.0210217
      1.392      1.479          8     2.67953     532.861     0.441533      1.30323    -0.713414   -0.0558552     0.121745   -0.0219883
      1.479      1.566          8     2.77316     574.048     0.870684     0.438725    -0.291247   -0.0162497    0.0485069  -0.00891581
      1.566      1.653          8     2.69499     556.664     0.151206      1.81228    -0.985255   -0.0783205     0.169332   -0.0306179
      1.653       1.74          8     2.67492     555.676     0.382603      1.35697    -0.751674    -0.056801     0.129048   -0.0234642
       1.74       1.83          8      2.6925     1012.12     0.740317     0.601002    -0.374671  -0.00651185    0.0533221  -0.00974514
       1.83       1.93          8     2.70283     559.232      1.01736   -0.0831102   -0.0233169    0.0158359   0.00647919  -0.00253152
       1.93      2.043          8     2.78279     562.945      1.19443    -0.655348     0.321688    0.0361874   -0.0550944   0.00942236
      2.043      2.172          8     2.85451     786.393      1.04844    -0.563271     0.308642    0.0254911   -0.0475682   0.00799937
      2.172      2.322          8     3.11985     575.954      1.08172    -0.814341     0.468331     0.041718   -0.0799203     0.014089
      2.322        2.5          8     3.07404     607.372     0.388305   -0.0237062     0.311104    -0.028254   -0.0604051    0.0139394
        2.5       2.65          8      3.2101     565.888      1.05043     -1.00451     0.607605     0.049712    -0.103402    0.0184026
       2.65      2.853          8     3.30037      560.21      1.05769     -1.12273     0.682382    0.0557608    -0.115802     0.020577
      2.853      2.964          8     3.44548     287.873      1.25596     -1.72537      1.04751     0.174536    -0.259666    0.0497613
      2.964      3.139          8     4.10884     333.485      1.09342     -1.52807      0.95471     0.113984    -0.207558     0.039546
      3.139      3.314          8     4.67046     233.329      1.40938     -2.22214        1.246     0.221711    -0.308863     0.058553
      3.314      3.489          8     4.76959     233.345      1.53776     -2.50056      1.37583     0.249403    -0.340944    0.0643658
      3.489      3.664          8     4.79445     235.369      1.64633     -2.72314      1.47912     0.270834     -0.36701    0.0691769
      3.664      3.839          8     4.82182     228.878      1.73535     -2.91746      1.57843      0.28885    -0.392292    0.0740484
      3.839      4.013          8     4.97779      174.42      1.83505     -3.09375      1.60614     0.391386    -0.459791      0.08671
      4.013      4.191          8     4.76846     166.687      1.57187     -2.56312      1.34685     0.325826    -0.383615     0.072583
      4.191      4.363          8     4.25233     139.476     0.654221    -0.409628   -0.0259504     0.137254    0.0632333   -0.0378255
      4.363      4.538          8     3.87699     96.0299     0.704022    -0.403085   -0.0605063     0.141509    0.0804128   -0.0450345
      4.538      4.716          8     3.37687     75.2013     0.388488    0.0273458    0.0389255    0.0459258    0.0147594   -0.0176777
      4.716      4.889          8      3.3612     44.3553   0.00830809     0.619861      0.23256   -0.0848054    -0.109271    0.0321928
      4.889      5.191          8     2.95666     39.1168     0.635485     0.176981   -0.0164935   -0.0536571   -0.0260457    0.0126955
