     -5.191     -4.889          8     3.05848      52.671     0.639242    0.0207741    -0.026343    0.0135099     0.014416   -0.0113418
     -4.889     -4.716          8     3.71258     64.6868     0.476994    0.0445317    0.0352854    0.0508174    0.0205579   -0.0243184
     -4.716     -4.538          8     3.66783      82.322     0.840874    -0.399336   -0.0839956     0.128689    0.0797892   -0.0403488
     -4.538     -4.363          8     3.96023     102.006     0.661636    -0.265905   -0.0300498    0.0890653     0.043038   -0.0256536
     -4.363     -4.191          8     4.32483     136.288     0.826074    -0.490246   -0.0674603     0.139229    0.0715919   -0.0376838
     -4.191     -4.013          8     4.68984     164.132      1.67871     -2.47569      1.16789     0.325343    -0.327035    0.0578191
     -4.013     -3.839          8     4.89809      173.05      1.70588     -2.57811      1.24263      0.33492     -0.35055    0.0631367
     -3.839     -3.664          8     5.02979     226.962      1.58481     -2.34796      1.16403     0.247552    -0.282649    0.0502232
     -3.664     -3.489          8     5.15254     230.239      1.57398     -2.35056      1.18477      0.24633    -0.288592     0.051732
     -3.489     -3.314          8     5.10981     337.854      1.33773     -1.91879      1.02995     0.157779    -0.218909    0.0392374
     -3.314     -3.139          8      4.7551     233.467      1.26262     -1.72491      0.92368     0.178184    -0.226103    0.0417071
     -3.139     -2.964          8     4.25457     331.686      1.16695     -1.41848     0.801252     0.114986    -0.171693    0.0312923
     -2.964     -2.853          8     3.75823     281.793      1.50733     -1.97163       1.0635     0.207521    -0.260331    0.0474971
     -2.853      -2.65          8     3.42365     393.931      1.42223     -1.59346     0.818075     0.137777    -0.172714    0.0300005
      -2.65       -2.5          8     3.16806     400.191      1.28351      -1.1657     0.594254    0.0820467    -0.109808      0.01858
       -2.5     -2.322          8     3.17213     538.183      1.23832    -0.979478     0.501509    0.0568575   -0.0838034    0.0139986
     -2.322     -2.172          8     2.96666      534.98      1.21448    -0.765426     0.360096    0.0483881   -0.0593547   0.00946765
     -2.172     -2.043          8     2.88243     535.016      1.18436    -0.558861     0.239152    0.0377646   -0.0391774   0.00596346
     -2.043      -1.93          8     2.82031      977.75      1.23606    -0.582853     0.264619    0.0283092   -0.0410408   0.00668119
      -1.93      -1.83          8     2.75172     550.533      1.04291   -0.0740575   -0.0243798    0.0143753   0.00615488  -0.00234867
      -1.83      -1.74          8     2.82921     560.674      1.04983   -0.0452733   -0.0280538    0.0085597   0.00485203  -0.00152938
      -1.74     -1.653          8     2.80902     772.509      1.05992   -0.0363306   -0.0312731   0.00427983   0.00369741 -0.000710512
     -1.653     -1.566          8     2.87265     1082.83      1.01731   -0.0148335    -0.026857   0.00124496    0.0022459 -0.000274234
     -1.566     -1.479          8     3.03268     816.784     0.977938    0.0416926   -0.0291342  -0.00607422  0.000736482  0.000530094
     -1.479     -1.392          8     2.85664     735.741      1.03434   0.00800724   -0.0261216   0.00175155   0.00285384  -0.00059315
     -1.392     -1.305          8     2.82893     746.421      1.05189   0.00506257   -0.0288152  0.000990048   0.00282051 -0.000500994
     -1.305     -1.218          8     2.83437     723.529      1.09237   -0.0222577   -0.0333581   0.00380396   0.00415413 -0.000765361
     -1.218     -1.131          8     2.81788      518.16      1.02406    0.0361368   -0.0229684 -0.000814973    0.0019154 -0.000252061
     -1.131     -1.044          8     2.83684     706.506      1.04484    0.0241341   -0.0253462  0.000281682   0.00249371 -0.000349101
     -1.044     -0.957          8     2.84928     710.822      1.00819    0.0493518    -0.022063  -0.00225731   0.00152841 -6.46204e-06
     -0.957     -0.879          8     2.78039     703.218      1.01106    0.0317162   -0.0218017  0.000448983   0.00225925 -0.000373163
     -0.879     -0.783          8     2.84933     706.438     0.996909    0.0292964    -0.019973   0.00151789   0.00241302 -0.000523712
     -0.783     -0.696          8     2.83047     1566.63     0.998419   0.00944312   -0.0141528   0.00276465   0.00164248 -0.000420663
     -0.696     -0.609          8     2.86083     718.482     0.962744    0.0289746   -0.0155442   0.00286759   0.00229705 -0.000793107
     -0.609     -0.522          8     2.86544     706.931     0.975231    0.0264429   -0.0180146   0.00248596   0.00249162 -0.000673264
     -0.522     -0.435          8     2.85786     713.976     0.963365    0.0316715   -0.0168077   0.00203925   0.00223107 -0.000635809
     -0.435     -0.348          8     2.86069     1430.26     0.933239    0.0451337   -0.0119417 -5.12532e-05  0.000940542 -0.000202052
     -0.348     -0.261          8     2.88498     1025.58     0.937857    0.0417524   -0.0118608  0.000436137   0.00105905 -0.000257249
     -0.261     -0.174          8      2.9103        1538     0.897076    0.0773135    -0.010462  -0.00373869 -0.000120969  0.000220696
     -0.174     -0.087          8     2.89778     728.744      0.89891    0.0672474   -0.0117807  -0.00162831  0.000781711 -0.000151902
     -0.087          0          8     2.90284     948.376     0.894836    0.0641792   -0.0102385  -0.00120792  0.000663036 -0.000133082
          0      0.087          8       2.876     2097.01     0.892389    0.0698256  -0.00833215   -0.0025006 -1.11346e-05  0.000107372
      0.087      0.174          8     2.89446     731.924     0.904597    0.0547383   -0.0109847  0.000590069   0.00131086  -0.00047545
      0.174      0.261          8     2.91252      728.67     0.899337    0.0661634   -0.0111952  -0.00118747  0.000851763 -0.000220634
      0.261      0.348          8     2.86579     1425.92     0.916966    0.0619369   -0.0121518  -0.00195436   0.00056167  4.54172e-05
      0.348      0.435          8     2.88331     717.519      0.93326    0.0420214   -0.0127814   0.00189464   0.00179534 -0.000669779
      0.435      0.522          8     2.82635     1349.98     0.921088    0.0602422   -0.0106463   -0.0015127  0.000450768 -6.23526e-05
      0.522      0.609          8     2.86611     706.876     0.963604    0.0336677    -0.016378   0.00195723   0.00216939 -0.000631649
      0.609      0.696          8     2.86292     714.202     0.943208    0.0449443   -0.0134803   0.00131886   0.00170785  -0.00058421
      0.696      0.783          8     2.85202     693.704      0.98201    0.0312763   -0.0188292   0.00146642    0.0022682 -0.000536228
      0.783      0.879          8     2.83444     695.737      1.00742    0.0263517   -0.0211988     0.001636   0.00259487 -0.000509322
      0.879      0.957          8     2.81104     697.028      1.02052    0.0225427   -0.0217441   0.00191012   0.00264757 -0.000586702
      0.957      1.044          8     2.85367     701.388      1.01239    0.0397453   -0.0212467 -0.000545271   0.00188852 -0.000275824
      1.044      1.131          8      2.8321     714.278      1.02897    0.0418665   -0.0239603   -0.0019077   0.00174482 -7.04193e-05
      1.131      1.218          8     2.79768     694.936      1.04264    0.0449682    -0.023498  -0.00206073   0.00161699 -9.12754e-05
      1.218      1.305          8     2.76561     494.094      1.10682   0.00811409   -0.0345513   0.00155258   0.00418934 -0.000593604
      1.305      1.392          8      2.8205     964.017     0.647707     0.843547     -0.44016    -0.031258    0.0670042    -0.011494
      1.392      1.479          8     2.78864     539.593      1.05212     0.036039    -0.030157  -0.00414563   0.00149857  0.000200144
      1.479      1.566          8     2.95964     570.567      1.05324   0.00880504   -0.0346514  -0.00231348   0.00240709  1.25117e-05
      1.566      1.653          8      2.7637     564.103       1.0703   0.00381136   -0.0392432  -0.00319195   0.00270144  0.000268429
      1.653       1.74          8     2.80258     560.627      1.05268   -0.0154883   -0.0306513   0.00297425   0.00349366 -0.000764583
       1.74       1.83          8     2.83138     1039.69      1.04445   -0.0432842   -0.0232626   0.00616216   0.00317085 -0.000872026
       1.83       1.93          8     2.82306     554.867      1.00823   -0.0585322   -0.0246061    0.0116125   0.00544014  -0.00192944
       1.93      2.043          8     2.89475     772.784      1.14386    -0.441694      0.17899    0.0257434    -0.026893   0.00399638
      2.043      2.172          8     2.99116     559.217      1.11818    -0.521152     0.230056    0.0346959   -0.0378435   0.00585708
      2.172      2.322          8     3.06473     567.343      1.14898    -0.720316     0.348972    0.0442255   -0.0579084   0.00941696
      2.322        2.5          8     3.27388      553.17      1.23785     -1.03543     0.531018    0.0589071   -0.0890049     0.014974
        2.5       2.65          8     3.24451     559.665      1.28361     -1.22357     0.638495    0.0681032    -0.107121    0.0181711
       2.65      2.853          8     3.33781     603.999     0.912104    -0.926599     0.677117    0.0273826    -0.120164    0.0231824
      2.853      2.964          8     3.77426     368.235      1.49424     -1.95923      1.07604     0.162366    -0.229593    0.0412126
      2.964      3.139          8     4.27676     328.717      1.16226     -1.42262     0.805166     0.115575    -0.172338    0.0313895
      3.139      3.314          8     4.77924     230.583      1.32397     -1.84022     0.975071     0.190483    -0.238731    0.0438187
      3.314      3.489          8     5.10422     230.728      1.42061     -2.07741      1.08347     0.215455    -0.264702    0.0482869
      3.489      3.664          8     5.14865     233.193      1.62988     -2.47466      1.26207     0.255706    -0.309528    0.0561553
      3.664      3.839          8     5.04971     226.604      1.66425     -2.52828      1.27211     0.262744    -0.311141    0.0560321
      3.839      4.013          8     4.89103     172.015       1.6365     -2.42155      1.15152     0.317566    -0.322739    0.0573906
      4.013      4.191          8     4.69367     164.851      1.69209     -2.50096      1.17746      0.32898    -0.329517    0.0581432
      4.191      4.363          8      4.3186     136.533     0.819461    -0.484339    -0.065481     0.138431     0.070802   -0.0376174
      4.363      4.538          8     3.96662     121.691     0.833983    -0.443974   -0.0707144     0.123491    0.0660366   -0.0328973
      4.538      4.716          8     3.65469     75.9303     0.608931    -0.152986   -0.0184346    0.0769754    0.0405029   -0.0275066
      4.716      4.889          8     3.72564     51.4797     0.479563    0.0415541    0.0328494    0.0499566    0.0206152   -0.0240195
      4.889      5.191          8     3.06659     63.7525     0.577311    0.0654971   0.00476188    0.0189825    0.0104479   -0.0131341
