     -5.191     -4.889          8     2.89432     84.1007     0.920032    -0.162988    -0.094803    0.0320209    0.0333948    -0.014956
     -4.889     -4.716          8     3.60317     51.3947     0.734629    -0.102142   -0.0550699     0.049015    0.0401405   -0.0247919
     -4.716     -4.538          8     3.78827     85.1762       1.0203    -0.505605    -0.133501     0.136285    0.0928715    -0.042968
     -4.538     -4.363          8     3.97506     94.1444      1.00483    -0.520048    -0.144707     0.131383    0.0930127    -0.040489
     -4.363     -4.191          8     4.23649       135.5     0.984304    -0.553153     -0.10933     0.135095    0.0775493   -0.0358031
     -4.191     -4.013          8     4.54329     164.215     0.866816    -0.468972   -0.0650041      0.11212    0.0537198   -0.0255443
     -4.013     -3.839          8      4.8166     170.263     0.794828    -0.406499    -0.056156    0.0995742    0.0478843   -0.0224408
     -3.839     -3.664          8     5.03931     225.478     0.736246    -0.369246    -0.025237     0.089141    0.0352477   -0.0179039
     -3.664     -3.489          8     5.12917     227.747     0.710624    -0.339847   -0.0204319    0.0847667     0.033093   -0.0170857
     -3.489     -3.314          8     5.08802     229.228     0.647493    -0.253924    -0.010372    0.0697777    0.0265334   -0.0141777
     -3.314     -3.139          8     4.81131     471.357     0.975004    -0.948824     0.462051    0.0780028   -0.0807555    0.0120899
     -3.139     -2.964          8     4.32491     326.413      1.19429     -1.25265     0.619863     0.115097    -0.128952    0.0212674
     -2.964     -2.853          8     4.02692     378.968      1.55358     -1.79583       0.8576     0.167993    -0.177371    0.0285308
     -2.853      -2.65          8     3.65357     388.241     0.861457    -0.232267   -0.0166042    0.0565086    0.0207417   -0.0101405
      -2.65       -2.5          8     3.18951     398.694      1.34943     -1.07799     0.443653     0.107447   -0.0890972    0.0128542
       -2.5     -2.322          8     3.07995     537.981      1.46135     -1.16723     0.499119    0.0783779    -0.081108    0.0120907
     -2.322     -2.172          8     2.97665     526.371      1.34836    -0.799978     0.291786    0.0608517   -0.0455011   0.00576263
     -2.172     -2.043          8     2.90663     527.925      1.32314    -0.673381     0.239634    0.0501108   -0.0380161   0.00495365
     -2.043      -1.93          8     2.89354     721.334      1.07378    -0.134893   -0.0277374    0.0225599   0.00885968  -0.00340216
      -1.93      -1.83          8      2.9279     983.475      1.15675     -0.31077     0.115436    0.0173212   -0.0184721   0.00284611
      -1.83      -1.74          8     2.90218     546.394      1.03904   -0.0278352   -0.0308843   0.00495946   0.00424456 -0.000921918
      -1.74     -1.653          8     2.95352     560.184     0.995707    0.0333986    -0.033153  -0.00554005   0.00156703  0.000595659
     -1.653     -1.566          8     3.01838     569.765      1.03426   -0.0102567   -0.0360039 -0.000201004   0.00322807 -0.000164352
     -1.566     -1.479          8      3.0106     571.031     0.984363     0.044411   -0.0329089  -0.00729925   0.00101627  0.000817573
     -1.479     -1.392          8     2.96585     730.088      1.00373    0.0277247   -0.0240865 -0.000623444    0.0020073 -0.000273143
     -1.392     -1.305          8     2.88709      732.19       1.0325     0.017337   -0.0280476 -0.000607037   0.00235688 -0.000242304
     -1.305     -1.218          8     2.86482     709.468      1.06857   0.00472719    -0.033617 -0.000221453   0.00317354  -0.00014393
     -1.218     -1.131          8     2.85055     697.839      1.00947    0.0500237   -0.0232612  -0.00306358   0.00136558  0.000102324
     -1.131     -1.044          8     2.88202     692.357      1.00809    0.0499577   -0.0218904   -0.0025086   0.00136743 -8.15275e-06
     -1.044     -0.957          8     2.88165     934.941     0.989199    0.0609309   -0.0194147  -0.00372125  0.000719373  0.000213038
     -0.957     -0.879          8     2.84703      900.88     0.997799    0.0423134   -0.0198152  -0.00113554   0.00149522 -8.29304e-05
     -0.879     -0.783          8     2.88664     678.701     0.997292    0.0289157   -0.0206642    0.0014259   0.00249833 -0.000485006
     -0.783     -0.696          8     2.82272     694.357     0.971915    0.0394004   -0.0196153  4.53626e-05   0.00203533 -0.000279453
     -0.696     -0.609          8     2.86712     1308.78     0.974321    0.0250655   -0.0143746   0.00169189   0.00154623 -0.000389534
     -0.609     -0.522          8     2.87677     693.495     0.976524    0.0271254   -0.0182548   0.00230787   0.00246426   -0.0006502
     -0.522     -0.435          8     2.82802     928.244     0.991677    0.0117275   -0.0182886    0.0034411    0.0025764 -0.000658343
     -0.435     -0.348          8     2.82866     696.388     0.988993    0.0217226   -0.0223283   0.00161152   0.00272081 -0.000466712
     -0.348     -0.261          8     2.84723     700.207      0.97021    0.0273855   -0.0190425   0.00197871   0.00250125 -0.000561036
     -0.261     -0.174          8      2.8914      1001.9     0.965104    0.0276629   -0.0147305   0.00122478   0.00147515 -0.000325223
     -0.174     -0.087          8     2.87348     704.348     0.975637    0.0199354   -0.0196206   0.00278558   0.00274955 -0.000681331
     -0.087          0          8     2.84703     1806.12     0.962411    0.0179074   -0.0117004   0.00242951   0.00138391 -0.000403126
          0      0.087          8     2.85751        2012     0.952324    0.0290199   -0.0105309   0.00087186  0.000849819 -0.000196348
      0.087      0.174          8     2.88326     971.606     0.966488    0.0228035   -0.0162021   0.00245613   0.00210951 -0.000558772
      0.174      0.261          8     2.86008     703.574     0.961586    0.0299844   -0.0177584   0.00190241   0.00230854 -0.000587927
      0.261      0.348          8     2.84995     698.669     0.978074    0.0220831    -0.019501   0.00260785   0.00270312 -0.000653818
      0.348      0.435          8     2.88113     698.291     0.973418    0.0300585   -0.0191106   0.00146649   0.00231845 -0.000515731
      0.435      0.522          8     2.82463     1311.01      1.04914    -0.168506     0.105167   0.00314537   -0.0162226   0.00298007
      0.522      0.609          8     2.85672     687.418     0.982012    0.0218444   -0.0181091   0.00316855     0.002673  -0.00078145
      0.609      0.696          8      2.8103     687.452     0.979702    0.0356786    -0.019656  0.000549607    0.0021372 -0.000372675
      0.696      0.783          8     2.84678     1339.31     0.981232    0.0281918    -0.015603   0.00121622    0.0015938 -0.000306686
      0.783      0.879          8     2.86306     928.464      1.00909    0.0211875   -0.0183824    0.0021654   0.00218694 -0.000531618
      0.879      0.957          8      2.8094     671.951      1.01949    0.0337687   -0.0249808 -0.000717563   0.00237769  -0.00010715
      0.957      1.044          8     2.87848     1320.92      1.03435    0.0211066   -0.0195305  0.000712825   0.00168909 -0.000254675
      1.044      1.131          8     2.82976     698.262      1.01719    0.0544883   -0.0239647  -0.00379504    0.0012692  0.000227458
      1.131      1.218          8     2.86748     675.316      1.05231    0.0399225   -0.0267619  -0.00227102   0.00200436  5.56364e-05
      1.218      1.305          8     2.82727     676.571      1.06805    0.0360147   -0.0292804  -0.00260815   0.00215478  0.000134899
      1.305      1.392          8     2.80293      704.37      1.02646    0.0657219   -0.0265152  -0.00667945   0.00063768  0.000622926
      1.392      1.479          8     2.83563     521.721      1.00438    0.0735325   -0.0284868  -0.00910922  0.000129683  0.000995908
      1.479      1.566          8     3.00861     763.256     0.899979     0.315007    -0.192848   -0.0125608    0.0277628  -0.00460457
      1.566      1.653          8     2.94387     554.295     0.730859     0.652827    -0.378638    -0.029079    0.0633635   -0.0112576
      1.653       1.74          8     2.97097     549.902      1.02896   0.00708424   -0.0306284 -0.000437909   0.00261777 -0.000236764
       1.74       1.83          8     2.94595     546.826      1.03678   -0.0162308   -0.0324851    0.0024955   0.00370494  -0.00056213
       1.83       1.93          8     2.95412     545.582       1.0582   -0.0873659   -0.0311797    0.0136957   0.00667718  -0.00213953
       1.93      2.043          8     2.93481     551.175      1.05773     -0.14465   -0.0279659    0.0234442   0.00906931   -0.0035317
      2.043      2.172          8     2.99616     549.069      1.02174    -0.164899    -0.023055    0.0283235    0.0100247   -0.0042289
      2.172      2.322          8     3.09045     560.854       1.3442    -0.864041     0.332582    0.0620489   -0.0530156   0.00729215
      2.322        2.5          8     3.18645     548.197       1.4407      -1.1844     0.511498    0.0780081    -0.083535    0.0126417
        2.5       2.65          8     3.44689     559.812      1.40694     -1.23773     0.548205    0.0829448   -0.0890777    0.0133762
       2.65      2.853          8     3.70391     401.607      1.25255     -1.08439     0.472538     0.093745   -0.0821828    0.0114165
      2.853      2.964          8     4.05139     286.967      1.62032     -1.94661     0.903265     0.222271    -0.213859    0.0345428
      2.964      3.139          8     4.37046     326.846      1.25878     -1.40207     0.702702     0.126087    -0.147353    0.0247207
      3.139      3.314          8     4.84567      228.07     0.637716    -0.205011  -0.00874691    0.0596309    0.0228299   -0.0121477
      3.314      3.489          8     5.08719     230.513     0.641876    -0.250933  -0.00951704    0.0694433    0.0263037   -0.0141068
      3.489      3.664          8     5.12949     230.562      1.24346     -1.50135      0.66358     0.175852    -0.152666    0.0233717
      3.664      3.839          8      5.0297     224.069      1.36082     -1.68496     0.716817     0.198968    -0.164155    0.0242989
      3.839      4.013          8     4.81864     170.185     0.812096    -0.430964   -0.0562078     0.106164    0.0501802    -0.024168
      4.013      4.191          8     4.57298     164.822     0.863869    -0.465666    -0.064725     0.111526    0.0535398   -0.0253501
      4.191      4.363          8     4.22232     155.402      0.93827    -0.518541   -0.0748083     0.120893    0.0584231   -0.0276289
      4.363      4.538          8     3.97778     123.483     0.999921    -0.534186    -0.111586     0.128267    0.0751634   -0.0338462
      4.538      4.716          8     3.76189     91.3328     0.850611    -0.334801   -0.0839185     0.103584    0.0663451   -0.0351232
      4.716      4.889          8     3.61876     74.1864     0.727178   -0.0831811    -0.052623     0.042169    0.0358962   -0.0222683
      4.889      5.191          8     2.89373     60.5129     0.830974   -0.0850369   -0.0629949    0.0408281     0.037733   -0.0226387
