     -5.191     -4.889          8     2.87944     47.5225     0.835257    -0.157974   -0.0981861    0.0633751      0.06669   -0.0358516
     -4.889     -4.716          8     3.48331     47.3793     0.702466   -0.0862572   -0.0545946    0.0583848     0.052105   -0.0324583
     -4.716     -4.538          8     3.53852     93.4528     0.761647    -0.277671   -0.0602983    0.0972141    0.0586216   -0.0333137
     -4.538     -4.363          8     3.91305     96.7048     0.965326    -0.510626    -0.127586     0.139322    0.0924282   -0.0446267
     -4.363     -4.191          8     4.20298     98.2154     0.928114    -0.499991    -0.126251     0.134928    0.0907002   -0.0420784
     -4.191     -4.013          8     4.42239     167.759     0.812638    -0.421863   -0.0533171     0.104798    0.0488365   -0.0241317
     -4.013     -3.839          8     4.69822     223.228     0.722615    -0.347633   -0.0250552    0.0837929    0.0333593   -0.0167004
     -3.839     -3.664          8       4.868     249.082      1.39889     -1.95529     0.976252     0.207611    -0.237388    0.0417727
     -3.664     -3.489          8      4.7531     346.233      1.36552     -1.88883      0.97119     0.160291    -0.205863    0.0357741
     -3.489     -3.314          8     4.78437     242.692      1.28102      -1.5627     0.712724     0.178949    -0.166872    0.0267665
     -3.314     -3.139          8     4.55085     350.316      1.14942     -1.29864     0.636734     0.119466    -0.131354    0.0215887
     -3.139     -2.964          8     4.10273     332.231      1.17349     -1.24092     0.631472     0.111734     -0.13198    0.0222512
     -2.964     -2.853          8     3.68051     490.298      1.32095     -1.36326     0.664185     0.107241    -0.118872    0.0185808
     -2.853      -2.65          8     3.31636     523.391      1.23141     -1.03914      0.47143    0.0742352   -0.0744296    0.0107475
      -2.65       -2.5          8     3.03395     540.551      1.36117     -1.10673     0.480166    0.0760289    -0.076824     0.011308
       -2.5     -2.322          8      2.9539     540.161      1.43868     -1.13363     0.484546    0.0755214   -0.0784322    0.0117747
     -2.322     -2.172          8     2.82597     923.343      1.34398    -0.813438     0.316692    0.0506985   -0.0457437    0.0062863
     -2.172     -2.043          8     2.89542      733.66      1.05894    -0.157407   -0.0268823    0.0263488   0.00996532  -0.00383929
     -2.043      -1.93          8     2.73996     735.729       1.0889    -0.133156   -0.0308501    0.0211431    0.0088013    -0.003123
      -1.93      -1.83          8     2.72398     747.139      1.08089    -0.076678   -0.0339591    0.0114135   0.00639656  -0.00173384
      -1.83      -1.74          8      2.6352     760.879      1.04317   -0.0233771   -0.0294266   0.00345553   0.00341682 -0.000576667
      -1.74     -1.653          8     2.75152     1639.61      1.08026   -0.0523936   -0.0268624   0.00472778   0.00287192 -0.000556067
     -1.653     -1.566          8     2.54343     1104.14     0.865081     0.346679     -0.22478  -0.00804254    0.0306035  -0.00519567
     -1.566     -1.479          8     3.02242     810.629     0.745252      0.53697    -0.288651   -0.0230271    0.0422235   -0.0069259
     -1.479     -1.392          8     2.68989     1033.53      1.02353    0.0179503   -0.0237657 -0.000840517   0.00160584 -3.34102e-05
     -1.392     -1.305          8     2.62063     748.103      1.04283     0.033304   -0.0325049  -0.00464087    0.0017227  0.000413828
     -1.305     -1.218          8     2.65239     719.428     0.590516     0.927685    -0.510584    -0.039742    0.0875923   -0.0157518
     -1.218     -1.131          8     2.76421     1028.33     0.993507    0.0543978   -0.0176935  -0.00292437   0.00062218  0.000132965
     -1.131     -1.044          8     2.67122     1475.39     0.896113     0.257029    -0.126439  -0.00773953    0.0164126  -0.00264756
     -1.044     -0.957          8     2.72832     1030.94       1.0241    0.0284171   -0.0194202 -0.000188304   0.00146147 -0.000149001
     -0.957     -0.879          8     2.70884     1495.31      1.01656    0.0153981   -0.0172231   0.00212535   0.00187211 -0.000422933
     -0.879     -0.783          8     2.71802     3145.51     0.891374     0.228134    -0.121084   0.00153703     0.012566  -0.00213991
     -0.783     -0.696          8     2.84511     1949.57     0.879255     0.223175    -0.113921  -0.00237209    0.0139844  -0.00239998
     -0.696     -0.609          8     2.66103     1979.01     0.982301    0.0220993   -0.0140814   0.00137298   0.00132209 -0.000274986
     -0.609     -0.522          8     2.75523     1507.56     0.954444    0.0422418   -0.0133401 -0.000451619  0.000897186 -7.80664e-05
     -0.522     -0.435          8     2.71978     3293.25     0.973923    0.0163575   -0.0100262   0.00176073  0.000941451 -0.000234642
     -0.435     -0.348          8     2.71648     2024.32     0.962955    0.0256133   -0.0115316  0.000977411   0.00094776 -0.000196758
     -0.348     -0.261          8     2.71872     1996.59     0.949045    0.0318812   -0.0116889   0.00106057   0.00110911 -0.000248953
     -0.261     -0.174          8     2.76825     2506.91      1.03063    -0.146732    0.0904149  0.000797203   -0.0112501    0.0019301
     -0.174     -0.087          8     2.71168     2891.47     0.856605     0.194403   -0.0931028 -0.000840746    0.0104874  -0.00178171
     -0.087          0          8     2.78278     2502.14     0.933606    0.0346795  -0.00936356  0.000649763  0.000735039 -0.000180558
          0      0.087          8     2.79993     2943.23     0.927714     0.045574  -0.00970569 -0.000494891  0.000509323 -7.22288e-05
      0.087      0.174          8     2.71513     4160.28     0.883156     0.178149   -0.0977839   0.00268824     0.010331  -0.00182868
      0.174      0.261          8      2.8236     4485.65     0.965041    0.0136811  -0.00944924   0.00225506   0.00103556 -0.000274332
      0.261      0.348          8     2.85121     4329.08     0.937088    0.0464645  -0.00950915 -0.000864818  0.000355001 -2.00232e-05
      0.348      0.435          8     2.76164      1990.3     0.953823    0.0367424    -0.012836  0.000160583  0.000973861 -0.000152334
      0.435      0.522          8     2.83512     1986.35      0.98753    0.0125344   -0.0138987   0.00256023   0.00159979 -0.000396396
      0.522      0.609          8     2.80739     2905.11     0.957332     0.035765   -0.0107534  0.000216376   0.00071788 -0.000138867
      0.609      0.696          8      2.6813     1504.87     0.889777     0.198109    -0.102752  -0.00140804    0.0127976  -0.00223603
      0.696      0.783          8     2.80831     1495.77     0.855972     0.280768     -0.14459  -0.00540732    0.0197873  -0.00345984
      0.783      0.879          8     2.86772     1474.06      1.00539    0.0225105   -0.0168267   0.00151463   0.00172991 -0.000344758
      0.879      0.957          8      2.6576     1051.83      1.02235     0.016376   -0.0164348   0.00210957   0.00173295 -0.000461678
      0.957      1.044          8     2.67712      2801.2      1.18867    -0.223711    0.0888905   0.00582776   -0.0107094   0.00165661
      1.044      1.131          8     2.67651     1041.83      1.06188    0.0116239   -0.0214383   0.00113184    0.0018867 -0.000308147
      1.131      1.218          8     2.71655     1013.71     0.923206     0.300043    -0.167106  -0.00635973    0.0225377  -0.00387708
      1.218      1.305          8     2.60388     684.446      1.09224     0.015824   -0.0315205 -0.000303829   0.00304332 -0.000122445
      1.305      1.392          8     2.57504     1042.48     0.748364     0.602393    -0.301086   -0.0195879    0.0405114  -0.00657304
      1.392      1.479          8     2.67863     1996.18     0.924846     0.280242    -0.163788  -0.00554737     0.019532  -0.00314742
      1.479      1.566          8     2.77703     1604.33     0.812059     0.482966    -0.278183  -0.00935075    0.0340885  -0.00557165
      1.566      1.653          8     2.67107     1129.89     0.807293      0.50082    -0.295984   -0.0129458    0.0403363   -0.0068084
      1.653       1.74          8     2.68275     758.621     0.781927     0.513305    -0.296925   -0.0179419    0.0451474  -0.00779535
       1.74       1.83          8     3.04555     1045.54      1.11299   -0.0815278   -0.0300386   0.00887267   0.00441912  -0.00110988
       1.83       1.93          8     2.87332     771.192      1.08683    -0.105068   -0.0301077    0.0142075    0.0062557  -0.00193859
       1.93      2.043          8     2.78216     771.986       1.0226    -0.101465   -0.0247261    0.0155764   0.00626615  -0.00209119
      2.043      2.172          8     2.80724     771.435       1.2033    -0.515946     0.171493    0.0359104   -0.0239407   0.00282099
      2.172      2.322          8     2.98579     751.796      1.28818    -0.762856     0.290303    0.0487738    -0.041587   0.00556114
      2.322        2.5          8     3.08555     760.084      1.32843    -0.949057      0.38722    0.0586439    -0.055857   0.00777844
        2.5       2.65          8     3.13296     552.808      1.32267     -1.07849     0.466052    0.0747435   -0.0742978     0.010848
       2.65      2.853          8      3.3619     536.894        1.228     -1.05262      0.47171    0.0757641   -0.0742048    0.0106042
      2.853      2.964          8     3.69331     393.553      1.37741     -1.50338     0.727223      0.14127    -0.149241    0.0240897
      2.964      3.139          8     3.91195     463.697      1.18177     -1.42084     0.823506    0.0859493    -0.157166     0.028339
      3.139      3.314          8     4.59745     342.886       1.1676     -1.29202     0.608846     0.122537    -0.124057    0.0196794
      3.314      3.489          8     4.68201     345.686       1.3403     -1.84095     0.966334     0.154869    -0.205488    0.0360279
      3.489      3.664          8     4.92332     249.734       1.3758     -1.92911     0.981143     0.204094    -0.239109     0.042406
      3.664      3.839          8     4.68139     186.362     0.663524    -0.312533   -0.0240903    0.0898588    0.0384042   -0.0213267
      3.839      4.013          8     4.72361     174.072     0.756526    -0.378902   -0.0462315    0.0967459    0.0449677   -0.0220605
      4.013      4.191          8     4.46274     133.929     0.888406    -0.490516    -0.090005     0.125605    0.0700408   -0.0334559
      4.191      4.363          8     4.16745      130.54     0.909125    -0.497682   -0.0897946     0.128415    0.0708303   -0.0347293
      4.363      4.538          8     3.78478     76.6029     0.794721    -0.366548   -0.0810272     0.114759    0.0710383   -0.0381783
      4.538      4.716          8     3.53202     70.9801     0.821784    -0.339647   -0.0988328     0.122183    0.0903627   -0.0498446
      4.716      4.889          8      3.4771     45.6616      0.73219    -0.165707   -0.0632756    0.0955974    0.0768807   -0.0475232
      4.889      5.191          8     2.89418     48.5387     0.837953    -0.172555    -0.100754    0.0688361    0.0706236   -0.0380607
