     -5.191     -4.889          8      2.8036     26.7971     0.679978     0.160322   -0.0704456    -0.107411   -0.0421211    0.0575791
     -4.889     -4.716          8     3.30611     73.7295     0.735108    -0.148928   -0.0527152    0.0728813    0.0525034    -0.033552
     -4.716     -4.538          8     3.38222     94.0345     0.804271    -0.348616   -0.0683114     0.119268    0.0702523   -0.0408841
     -4.538     -4.363          8     3.63355     95.5715      1.02141    -0.597023    -0.145973     0.160058     0.106453   -0.0501332
     -4.363     -4.191          8     3.98665     159.509     0.896306    -0.531352   -0.0638108     0.130194    0.0602321   -0.0300335
     -4.191     -4.013          8     4.28668     164.795      0.86602    -0.523395   -0.0591956     0.130181    0.0595538   -0.0300258
     -4.013     -3.839          8     4.46574     172.845     0.824253    -0.492106   -0.0524893     0.124876    0.0564792   -0.0288781
     -3.839     -3.664          8     4.60076     226.429      1.44077     -1.85994     0.779098     0.223612    -0.176601    0.0250917
     -3.664     -3.489          8     4.70264     228.838      1.38058     -1.77196     0.756485     0.213033    -0.171513    0.0246699
     -3.489     -3.314          8     4.85451     229.576      1.35497      -1.7481     0.788311     0.205172    -0.182679    0.0280597
     -3.314     -3.139          8     4.51491      477.26      1.34038     -1.72342      0.86265      0.12566    -0.158349    0.0259558
     -3.139     -2.964          8     4.02286     327.952       1.5007     -1.91127     0.956837     0.167657    -0.202489    0.0344347
     -2.964     -2.853          8      3.5192      379.03      1.73403     -2.23171       1.1006     0.200664    -0.230965    0.0385495
     -2.853      -2.65          8     3.14193     393.219      1.74562     -2.05059     0.944814     0.187585    -0.196803    0.0318429
      -2.65       -2.5          8     2.95578     538.449      1.74801     -1.93648     0.930344     0.112067    -0.156498    0.0258189
       -2.5     -2.322          8     2.81625     540.456      1.78202     -1.89272     0.899188     0.108903    -0.151516    0.0250426
     -2.322     -2.172          8     2.73445     749.798      1.74069     -1.70683     0.802409    0.0969721     -0.13578     0.022566
     -2.172     -2.043          8     2.65442     536.838      1.78509     -1.61958     0.731812    0.0928076    -0.123865    0.0204345
     -2.043      -1.93          8     2.65879     533.074      1.08744    -0.160262    -0.027055    0.0267622   0.00995246  -0.00401288
      -1.93      -1.83          8     2.64203     988.933       1.2137    -0.411728     0.163402    0.0210742   -0.0259729    0.0041551
      -1.83      -1.74          8     2.65269     550.649       1.0794   -0.0631843   -0.0333149   0.00945015   0.00568188  -0.00154458
      -1.74     -1.653          8     2.62999     778.598      1.54542    -0.959611     0.420657     0.041009    -0.066898    0.0113124
     -1.653     -1.566          8     2.68958     1112.98       1.5157    -0.889202      0.37796    0.0298919   -0.0539263   0.00895846
     -1.566     -1.479          8     2.78023     814.221      1.53788     -1.02773      0.49285     0.037141   -0.0798619    0.0140921
     -1.479     -1.392          8     2.73194      966.38      1.02807   0.00977556   -0.0251656  0.000705345   0.00229934 -0.000307443
     -1.392     -1.305          8      2.7059     717.098      1.05979   0.00374732   -0.0328289 -0.000136045    0.0030339 -0.000201196
     -1.305     -1.218          8     2.66319     705.202      1.08319   -0.0128653    -0.034828   0.00203139   0.00392163 -0.000443442
     -1.218     -1.131          8     2.67564     696.659      1.05989   0.00434829   -0.0262075   0.00285261   0.00325159 -0.000711893
     -1.131     -1.044          8     2.68426     688.819      1.03468    0.0260911   -0.0240989  0.000416126    0.0024171 -0.000374749
     -1.044     -0.957          8     2.67834     917.804      1.01545    0.0337236   -0.0201699 -0.000131453   0.00173986  -0.00022836
     -0.957     -0.879          8     2.68994     913.199     0.990577    0.0455623   -0.0184518  -0.00123224   0.00131152 -9.67807e-05
     -0.879     -0.783          8     2.68063     686.641      1.00159    0.0156706    -0.019288   0.00391855   0.00302162 -0.000869324
     -0.783     -0.696          8     2.69304     1521.19     0.983626    0.0178869   -0.0127901   0.00211913   0.00136538 -0.000373373
     -0.696     -0.609          8     2.67495     691.698     0.991816   0.00914279    -0.018687      0.00486   0.00318598  -0.00101662
     -0.609     -0.522          8     2.72139     693.282     0.982505    0.0218646   -0.0188392   0.00290269   0.00268519 -0.000728505
     -0.522     -0.435          8     2.70538      700.59     0.997662  0.000501104   -0.0188349   0.00609651   0.00352935  -0.00119589
     -0.435     -0.348          8     2.71519     704.668     0.955574    0.0398374     -0.01794  0.000385779   0.00192984 -0.000363216
     -0.348     -0.261          8     2.70852     706.216     0.959379    0.0295103   -0.0167516   0.00244557   0.00237648 -0.000673418
     -0.261     -0.174          8     2.68744     1537.45      1.33573    -0.738566     0.398536    0.0102098   -0.0523128   0.00907554
     -0.174     -0.087          8     2.72276      963.15      0.94237    0.0376099   -0.0145167     0.001057   0.00162874 -0.000384121
     -0.087          0          8     2.74969     922.943     0.975179    0.0109388   -0.0166655   0.00399072   0.00256821 -0.000745966
          0      0.087          8     2.74132      2010.4     0.942337    0.0338321  -0.00962204  0.000672691  0.000750384 -0.000183117
      0.087      0.174          8     2.75204     710.696     0.961808    0.0189678   -0.0165915   0.00403123   0.00278186 -0.000905889
      0.174      0.261          8     2.74999     708.382     0.951286    0.0308638   -0.0156136   0.00259898   0.00229416  -0.00071571
      0.261      0.348          8     2.72331     1425.99     0.948838    0.0405377   -0.0136449  0.000108727   0.00114323 -0.000198605
      0.348      0.435          8     2.72942     694.552      0.95571    0.0411225   -0.0173408  0.000457854   0.00188675 -0.000386532
      0.435      0.522          8     2.66506     1299.97     0.937209    0.0507527   -0.0120849 -0.000815475  0.000743334 -0.000118162
      0.522      0.609          8     2.71276     690.589      0.96808    0.0272236   -0.0160744   0.00307395   0.00244221 -0.000796865
      0.609      0.696          8     2.69386     694.125     0.973268     0.032863   -0.0180163   0.00160456    0.0022677 -0.000546257
      0.696      0.783          8     2.68015     679.461     0.977948    0.0348443   -0.0187871   0.00100953   0.00216878  -0.00045793
      0.783      0.879          8     2.68169     682.895      1.00225    0.0267343   -0.0203127   0.00190527   0.00257547 -0.000570784
      0.879      0.957          8     2.68702     680.354      1.02722   0.00967338   -0.0213097   0.00403534    0.0031794 -0.000901085
      0.957      1.044          8     2.65614     676.868      1.02515    0.0296065   -0.0232399  0.000360705   0.00238479 -0.000344792
      1.044      1.131          8     2.66068     691.334      1.04047      0.02437   -0.0246745  0.000610619   0.00256345  -0.00037961
      1.131      1.218          8     2.62373     672.641      1.05958    0.0264478   -0.0256044  8.89405e-05   0.00248344  -0.00031653
      1.218      1.305          8     2.60707     668.265      1.10383   -0.0040159   -0.0299452   0.00324529   0.00378519 -0.000708347
      1.305      1.392          8     2.59405     700.262       1.0749    0.0260753   -0.0299704   -0.0019509   0.00223142 -1.95403e-05
      1.392      1.479          8     2.65379     528.336       1.0329    0.0445849   -0.0293805  -0.00522443   0.00119171  0.000414538
      1.479      1.566          8     2.79981     553.216      1.05506    0.0149241   -0.0377051  -0.00428763   0.00226809  0.000414625
      1.566      1.653          8     2.71776     766.949     0.877309     0.367588    -0.239834   -0.0109472    0.0363041  -0.00641779
      1.653       1.74          8     2.69916     759.075      1.05847   -0.0181843   -0.0308632   0.00201227   0.00305091 -0.000440397
       1.74       1.83          8     2.66418     1008.44       1.0599   -0.0520874   -0.0257342   0.00654938   0.00350493 -0.000876585
       1.83       1.93          8     2.68919     544.986      1.07781    -0.111536   -0.0319326    0.0171791   0.00772159  -0.00261921
       1.93      2.043          8      2.6765      785.53      1.75983     -1.53179     0.692824    0.0705293    -0.107248    0.0176153
      2.043      2.172          8     2.73957     560.607      1.74049     -1.63845      0.75765    0.0915794    -0.128841    0.0215377
      2.172      2.322          8     2.84056     568.667      1.71444     -1.70801     0.798571      0.09758    -0.134956    0.0223488
      2.322        2.5          8     2.89289     554.061      1.73461     -1.86955     0.893569     0.106679    -0.150804    0.0250269
        2.5       2.65          8     3.02848     561.958      1.73412     -1.95174      0.93303     0.114154    -0.156572    0.0256806
       2.65      2.853          8     3.18247     407.251      1.77702     -2.15478      1.02895     0.154924    -0.190245    0.0312292
      2.853      2.964          8     3.53761      286.44      1.66313     -2.07467     0.968934     0.237472    -0.229225    0.0369653
      2.964      3.139          8     4.05327     327.244      1.51834     -1.94976     0.972534     0.171597    -0.205559    0.0348496
      3.139      3.314          8     4.51401     229.146      1.28016     -1.57408     0.723553     0.183489    -0.168223    0.0263592
      3.314      3.489          8     4.85848     231.722      1.44579     -1.94443     0.893425     0.223774    -0.209655    0.0332188
      3.489      3.664          8     4.70426     232.379      1.47505      -1.9901     0.893951     0.229471    -0.208825    0.0326596
      3.664      3.839          8     4.59329     224.315      1.45647     -1.89062     0.795633     0.226385    -0.180952    0.0259494
      3.839      4.013          8     4.47174     171.727     0.839693    -0.511203   -0.0547585     0.128978    0.0583929   -0.0298159
      4.013      4.191          8     4.29906     165.546     0.861207    -0.516919   -0.0591435     0.128577     0.059018   -0.0296229
      4.191      4.363          8     3.99635     134.817     0.942201    -0.561235    -0.100758     0.142696    0.0794664   -0.0378041
      4.363      4.538          8     3.62693     122.614      1.01562    -0.611978    -0.110414     0.154371      0.08599    -0.041102
      4.538      4.716          8     3.37592      76.331     0.806742    -0.352476   -0.0687253     0.120531    0.0709498   -0.0412578
      4.716      4.889          8     3.31988     36.3062     0.524675     0.147227  -0.00962468   -0.0380448   -0.0144104     0.017202
      4.889      5.191          8     2.79847     60.9009     0.789557   -0.0980796   -0.0533281     0.053159     0.042126   -0.0269551
