     -5.191     -4.889          8     2.89223     46.9513     0.847702     -0.19757    -0.104757    0.0792384     0.077986   -0.0422345
     -4.889     -4.716          8     3.44667     63.3571     0.713103     -0.12345   -0.0442045     0.068297    0.0485972   -0.0309463
     -4.716     -4.538          8     3.55324     69.1442     0.829851    -0.354832    -0.102951     0.125849     0.093404   -0.0509777
     -4.538     -4.363          8     3.91457     96.8431     0.965043    -0.512692    -0.128598     0.139204    0.0925361   -0.0446274
     -4.363     -4.191          8     4.21011     126.165     0.938545    -0.531828   -0.0962232     0.135603    0.0749967   -0.0366329
     -4.191     -4.013          8     4.42179     135.885      0.87718    -0.482254   -0.0866277       0.1247    0.0687476   -0.0336757
     -4.013     -3.839          8     4.69859     219.046      1.33953     -1.62606     0.684554     0.190742    -0.157158    0.0234821
     -3.839     -3.664          8     4.93242     235.018     0.706153    -0.334378   -0.0230848    0.0815756     0.032283   -0.0163499
     -3.664     -3.489          8     4.90174     251.481      1.36418     -1.88396     0.942232      0.20178    -0.228638    0.0399461
     -3.489     -3.314          8     4.66051     250.384      1.39136     -1.91658     0.964342     0.205011    -0.234221    0.0410441
     -3.314     -3.139          8     4.43415     365.314      1.27962     -1.67672     0.894964     0.139847    -0.191358    0.0337872
     -3.139     -2.964          8     3.93795     346.068      1.24232     -1.52601     0.853048     0.123865    -0.184176    0.0332158
     -2.964     -2.853          8     3.42549     404.754      1.35256     -1.71645     0.995255     0.105807     -0.18924     0.033933
     -2.853      -2.65          8     3.32684     523.691      1.23952     -1.05706     0.475992    0.0755067   -0.0752737    0.0108359
      -2.65       -2.5          8     3.05761     541.047      1.39101     -1.16915     0.503617    0.0802148   -0.0806964     0.011849
       -2.5     -2.322          8     3.01291     734.651      1.44231     -1.15541     0.488335    0.0775873   -0.0789332    0.0117389
     -2.322     -2.172          8     2.91451     549.012      1.37843     -0.88699     0.336102    0.0636761   -0.0532902   0.00730853
     -2.172     -2.043          8     2.79881     741.151      1.06042    -0.179521     -0.02666    0.0294426     0.010724  -0.00430743
     -2.043      -1.93          8     2.84649      740.08      1.06278    -0.123102   -0.0305158    0.0194877   0.00831043  -0.00289257
      -1.93      -1.83          8     2.72477     755.532      1.05643   -0.0817061   -0.0282753    0.0117292   0.00549772  -0.00161887
      -1.83      -1.74          8     2.66317     761.214      1.04648   -0.0465776   -0.0300553   0.00613351   0.00413924 -0.000916399
      -1.74     -1.653          8     2.72753     783.908      1.04834   -0.0397423    -0.031981   0.00420252   0.00372151 -0.000688065
     -1.653     -1.566          8     2.82259     809.119     0.737591     0.499287     -0.28307   -0.0195745    0.0423774  -0.00713304
     -1.566     -1.479          8     2.83256     818.871     0.827777     0.340263    -0.192801   -0.0155497     0.027411  -0.00437214
     -1.479     -1.392          8     2.63671     746.593     0.986141    0.0470106   -0.0287761  -0.00551013   0.00122202  0.000567761
     -1.392     -1.305          8     2.59027     752.447      0.87169      0.30129    -0.168444   -0.0125901    0.0243255  -0.00396149
     -1.305     -1.218          8      2.6366     734.229     0.775728     0.545418    -0.332796   -0.0200743    0.0571945   -0.0105532
     -1.218     -1.131          8      2.7007     1584.42      1.01148    0.0134592    -0.019569 -3.72358e-06   0.00125943 -0.000135915
     -1.131     -1.044          8     2.73223      1086.5      1.00345    0.0188174   -0.0190569   0.00043543   0.00147791 -0.000256285
     -1.044     -0.957          8     2.73983     1527.93      1.02296   0.00388403   -0.0183666   0.00167955   0.00160157 -0.000308577
     -0.957     -0.879          8     2.81596     1550.52     0.987108    0.0238237   -0.0161724  0.000180512   0.00111604 -0.000164929
     -0.879     -0.783          8     2.65299     3209.28     0.937639     0.101436   -0.0545884  0.000857684    0.0054053 -0.000910258
     -0.783     -0.696          8     2.85463     1048.46     0.836411     0.293877      -0.1507  -0.00662431    0.0204066   -0.0035012
     -0.696     -0.609          8     2.67866     1521.13      0.99473    0.0115471   -0.0151279   0.00216966   0.00157393 -0.000351759
     -0.609     -0.522          8     2.79009     3592.99     0.973698    0.0259219   -0.0109995  0.000745803  0.000800782 -0.000143542
     -0.522     -0.435          8     2.80299     2417.19      1.08574    -0.185688    0.0955625   0.00358448   -0.0115597   0.00186361
     -0.435     -0.348          8     2.65507     1947.66     0.966725    0.0368396   -0.0128746  0.000192969  0.000971516 -0.000162037
     -0.348     -0.261          8     2.82222      2364.9      0.94477    0.0476928  -0.00941329  -0.00035424  0.000541527 -8.75095e-05
     -0.261     -0.174          8     2.74545     3227.86     0.936431    0.0611501  -0.00872315  -0.00188959  8.90178e-05  5.83191e-05
     -0.174     -0.087          8     2.73323     3607.68     0.851141     0.212111   -0.0836836  -0.00220052   0.00822898  -0.00128136
     -0.087          0          8     2.77449     2757.68      0.91872    0.0802774  -0.00827827  -0.00298255 -6.70684e-05  0.000157823
          0      0.087          8     2.69584     2732.19     0.832803     0.241108   -0.0850797  -0.00570774   0.00887576  -0.00129475
      0.087      0.174          8      2.7285     3162.04     0.948305      0.05236  -0.00793545 -0.000664231  0.000329013  -4.3525e-05
      0.174      0.261          8     2.74365     4257.43     0.963034    0.0394899  -0.00944066  0.000247197  0.000644268 -0.000104647
      0.261      0.348          8     2.79136     3679.47     0.938791    0.0612046  -0.00896377  -0.00180511  0.000147548  5.76697e-05
      0.348      0.435          8     2.72119     2803.63     0.954547    0.0468146   -0.0104159 -0.000710158  0.000494793 -5.53886e-05
      0.435      0.522          8     2.68334     2768.55      1.00414   0.00734805   -0.0119191   0.00285899   0.00138562 -0.000375014
      0.522      0.609          8     2.73297     2427.76     0.967878    0.0362398   -0.0114075  5.68104e-05  0.000731128 -0.000118793
      0.609      0.696          8     2.80298     1952.04     0.973463    0.0325004   -0.0141539  0.000361262    0.0011238 -0.000165965
      0.696      0.783          8     2.66171     1502.79     0.983689    0.0288299   -0.0162908 -8.25239e-05   0.00114463 -0.000108615
      0.783      0.879          8     2.82991     1493.42      1.00959   0.00802111   -0.0177203   0.00264398   0.00201696  -0.00048386
      0.879      0.957          8     2.61284     1066.25      1.01669   0.00762724   -0.0182775   0.00219401   0.00186368 -0.000456929
      0.957      1.044          8     2.78243     2820.61      1.05151   -0.0157432   -0.0167832   0.00327126   0.00169579 -0.000406032
      1.044      1.131          8     2.61735     1062.96      1.02126    0.0163449   -0.0191248  0.000768191   0.00153823 -0.000307784
      1.131      1.218          8     2.71713     1051.02      1.07598  -0.00894938   -0.0259213   0.00183363   0.00239401 -0.000344444
      1.218      1.305          8     2.63247     1011.16      0.83987     0.456799    -0.272496  -0.00649476    0.0385348  -0.00693772
      1.305      1.392          8     2.69812     1036.93     0.720132      0.61965    -0.311758   -0.0199693    0.0419699  -0.00683228
      1.392      1.479          8     2.79653     2047.76      1.06913   -0.0242386   -0.0217703   0.00207412   0.00166093 -0.000284448
      1.479      1.566          8     2.90074     801.911     0.888113     0.301159    -0.190253   -0.0118025    0.0273381  -0.00455666
      1.566      1.653          8     2.73459     789.614     0.828754     0.401979     -0.24049   -0.0157278    0.0355019  -0.00595462
      1.653       1.74          8     2.91756     1110.67     0.890659     0.283712    -0.192423  -0.00437893    0.0261985  -0.00460149
       1.74       1.83          8     2.85608     1054.29      1.05767   -0.0606263   -0.0275772   0.00670825   0.00366449 -0.000881281
       1.83       1.93          8     2.86408     778.022      1.05882   -0.0972789    -0.030804    0.0126084   0.00591108  -0.00171318
       1.93      2.043          8     2.87773     788.485     0.988819   -0.0965715   -0.0232741      0.01502   0.00595674  -0.00204413
      2.043      2.172          8     2.90341     776.677      1.20128    -0.553969     0.191459    0.0368678   -0.0272941   0.00343731
      2.172      2.322          8     3.03057     780.041      1.38987    -0.981032     0.393865    0.0572086   -0.0579577   0.00837621
      2.322        2.5          8     3.15619     781.419      1.39367     -1.11208     0.468657     0.064162   -0.0689491    0.0101001
        2.5       2.65          8     3.17673     568.747      1.36545     -1.17649     0.506307    0.0798039   -0.0813357      0.01203
       2.65      2.853          8     3.44579     549.806      1.24871     -1.11573     0.497094    0.0784581   -0.0788885    0.0114445
      2.853      2.964          8     3.69163     402.167      1.51087     -1.77526     0.875672      0.12816    -0.160912    0.0265084
      2.964      3.139          8     4.18185      443.26      1.32026     -1.51222     0.755822     0.108058    -0.139416    0.0231371
      3.139      3.314          8     4.47894     359.885      1.29738     -1.72094     0.915293     0.144123    -0.195393    0.0344057
      3.314      3.489          8      4.6766      350.26      1.34965      -1.8452     0.955335     0.157119    -0.202674    0.0351816
      3.489      3.664          8     4.91571     240.607     0.653213    -0.280496   -0.0142724    0.0732749     0.028195   -0.0147957
      3.664      3.839          8     4.90456     178.242     0.788376    -0.417977   -0.0504518     0.105122    0.0485958    -0.024223
      3.839      4.013          8     4.63616     176.782     0.769038    -0.389227   -0.0492631    0.0977908    0.0457513    -0.022353
      4.013      4.191          8     4.46935     132.947      0.86602    -0.456142   -0.0901291     0.114289    0.0656228   -0.0299512
      4.191      4.363          8     4.18164     133.437     0.917207    -0.499112   -0.0950503     0.125525    0.0707214   -0.0336101
      4.363      4.538          8     3.88125      96.105      1.00754    -0.559791    -0.140065     0.149729     0.099956   -0.0475799
      4.538      4.716          8     3.51791     70.8531     0.834104    -0.350785    -0.104469     0.122757      0.09201   -0.0499853
      4.716      4.889          8      3.4638     35.4171     0.515412     0.150123  -0.00383974   -0.0340049   -0.0133063    0.0159061
      4.889      5.191          8     2.85523     47.9878     0.858237    -0.191379    -0.108953    0.0722643    0.0748636   -0.0396068
