     -5.191     -4.889          8     3.13187     46.5235     0.717078    -0.114053   -0.0542617    0.0753324    0.0621538   -0.0395842
     -4.889     -4.716          8     3.69776     43.6733     0.601147   -0.0603419    -0.010596    0.0819252    0.0544945   -0.0412155
     -4.716     -4.538          8     3.80537     82.6116     0.896541    -0.442126   -0.0939824     0.139254    0.0865327   -0.0441093
     -4.538     -4.363          8     4.18441     95.3371     0.940272    -0.524334     -0.11859     0.150999    0.0963625   -0.0480803
     -4.363     -4.191          8     4.41542     98.2542     0.878377    -0.497173    -0.111157     0.144046    0.0921033   -0.0448858
     -4.191     -4.013          8     4.75714     168.199      1.60658     -2.27803      1.06185     0.300847    -0.297075    0.0519939
     -4.013     -3.839          8     4.99717     135.383     0.785045    -0.440626   -0.0647792     0.124358     0.065057   -0.0334222
     -3.839     -3.664          8     5.09971     238.444      1.52906     -2.17188      1.05373     0.233272    -0.254445    0.0442759
     -3.664     -3.489          8     5.18586     329.897      1.42707     -2.02975       1.0454     0.171098    -0.221345    0.0388482
     -3.489     -3.314          8     4.86647     248.081       1.4992      -2.2578      1.20873      0.22813    -0.298846     0.055534
     -3.314     -3.139          8      4.7706     352.897      1.32744     -1.74458     0.904896     0.148066    -0.191491    0.0335644
     -3.139     -2.964          8     4.28336     338.682      1.31493     -1.62829     0.879263     0.133634    -0.188382    0.0338643
     -2.964     -2.853          8     3.77176     380.716       1.6015     -2.07104      1.09818     0.174477     -0.23366    0.0413262
     -2.853      -2.65          8      3.4357     519.005      1.21658     -1.10695     0.553951    0.0708303   -0.0901139    0.0143028
      -2.65       -2.5          8     3.10378     537.777      1.28955     -1.10404     0.540955    0.0677621   -0.0890522    0.0144027
       -2.5     -2.322          8     3.10335     538.406      1.31735      -1.0417     0.496176    0.0643278   -0.0818279    0.0131589
     -2.322     -2.172          8      2.9978     549.832      1.31117    -0.857669     0.376054    0.0557268   -0.0615543   0.00952982
     -2.172     -2.043          8     2.92697     945.491      1.22352    -0.576984     0.231272    0.0353916    -0.033875   0.00481444
     -2.043      -1.93          8     2.79352     738.557      1.05064    -0.110341   -0.0261629     0.019443   0.00790555  -0.00292141
      -1.93      -1.83          8     2.68252     1041.87      1.06517    -0.074905   -0.0224713    0.0107018   0.00433722  -0.00134526
      -1.83      -1.74          8     2.79555     756.835      1.10373   -0.0646729    -0.032786   0.00802542   0.00486208  -0.00114868
      -1.74     -1.653          8     2.79682      1640.3      1.00453     0.108163    -0.111533   0.00290144    0.0137797  -0.00249682
     -1.653     -1.566          8      2.6352     807.439     0.685043     0.646575    -0.356079   -0.0256602    0.0537791  -0.00904992
     -1.566     -1.479          8     2.75636     816.038     0.786585     0.433836    -0.235608   -0.0192486    0.0341799  -0.00552892
     -1.479     -1.392          8     2.74225     742.259      1.02597    0.0314467   -0.0283422  -0.00255188   0.00195426  8.70849e-05
     -1.392     -1.305          8     2.42769     1904.37     0.671775     0.760592    -0.417165   -0.0129238    0.0526554  -0.00881353
     -1.305     -1.218          8     2.54729     727.341     0.651625     0.835615    -0.475103   -0.0339816    0.0816895   -0.0148471
     -1.218     -1.131          8     2.74182     1051.06      1.00357    0.0485684   -0.0175385   -0.0022046   0.00075552  3.35849e-05
     -1.131     -1.044          8     2.05164     2317.83     0.684589     0.329088  -0.00729518   -0.0284326  -0.00604197   0.00233044
     -1.044     -0.957          8     2.70881     2808.96     0.965237     0.144542   -0.0782355 -0.000930368    0.0083208  -0.00135322
     -0.957     -0.879          8     2.76162     3306.11      1.00002    0.0327777    -0.013392  -0.00056413  0.000639996 -2.83487e-05
     -0.879     -0.783          8     2.76159     3130.91     0.943377     0.149357   -0.0872515   0.00269939   0.00907579  -0.00159908
     -0.783     -0.696          8     2.80016     1055.47     0.994063    0.0155319   -0.0159498   0.00245458   0.00187947  -0.00045313
     -0.696     -0.609          8     2.81178     2013.64     0.954217    0.0346917   -0.0102819  0.000443638  0.000738635 -0.000160897
     -0.609     -0.522          8     2.85899     1506.15     0.939433    0.0502552   -0.0125495  -0.00107475  0.000708879 -1.44271e-05
     -0.522     -0.435          8     2.82287     3921.59     0.986521   0.00815796    -0.010635   0.00237434   0.00111351 -0.000279816
     -0.435     -0.348          8     2.78136     3799.42     0.935199    0.0427738  -0.00953018 -0.000455659   0.00046793 -4.51355e-05
     -0.348     -0.261          8      2.8174      4509.1     0.830799     0.210469   -0.0824645  -0.00307728   0.00797852  -0.00118821
     -0.261     -0.174          8     2.81713     2518.53     0.891447    0.0725087  -0.00826222  -0.00270952 -5.66107e-05  0.000127332
     -0.174     -0.087          8     2.85489     2490.47     0.910019    0.0537662  -0.00986187  -0.00116411  0.000432917  1.17186e-05
     -0.087          0          8     2.90226     2050.59     0.897331    0.0620386  -0.00873242  -0.00181676  0.000177984  5.16532e-05
          0      0.087          8      2.9657     2508.46      0.89459    0.0673649  -0.00876788  -0.00227359  9.26636e-05  9.63754e-05
      0.087      0.174          8     2.92457     2519.83     0.918253     0.050202  -0.00944443 -0.000799677  0.000448065 -3.86916e-05
      0.174      0.261          8     2.82191     4508.72     0.878038     0.150544   -0.0687468  0.000295112   0.00694024  -0.00115943
      0.261      0.348          8     2.93743     4337.97     0.905177    0.0631624  -0.00774157  -0.00193035   2.5082e-05  5.82029e-05
      0.348      0.435          8     2.85397     2490.41     0.952852    0.0312639   -0.0102572  0.000765565  0.000808931 -0.000189848
      0.435      0.522          8     2.84502     1551.83     0.945586    0.0435894   -0.0121407 -0.000337614  0.000815552 -0.000104793
      0.522      0.609          8     2.83121     1998.39     0.921934    0.0615701   -0.0101239  -0.00179572  0.000303347  1.69729e-05
      0.609      0.696          8     2.85803     1525.09     0.992203      0.01383   -0.0144143   0.00240012   0.00163043 -0.000364139
      0.696      0.783          8     2.79059     1966.68     0.999094    0.0215699   -0.0158119   0.00106797   0.00139888 -0.000225976
      0.783      0.879          8     2.85154     2776.33      1.01277   0.00650023   -0.0119519   0.00285735   0.00136116 -0.000381774
      0.879      0.957          8     2.71067     1984.37      1.00394    0.0322524   -0.0148651 -1.53743e-05  0.000991749 -0.000157843
      0.957      1.044          8      2.8679     2823.53      1.01613    0.0417509   -0.0161926  -0.00186572  0.000575681   7.0607e-05
      1.044      1.131          8     2.77596     1056.51      1.07047   0.00467639   -0.0217556    0.0019122   0.00210669 -0.000394297
      1.131      1.218          8     2.77408     698.693      1.05854    0.0485081   -0.0282019  -0.00413578   0.00161166  0.000330177
      1.218      1.305          8     2.67664     683.839     0.774318     0.651363     -0.36934   -0.0247206    0.0632557   -0.0116202
      1.305      1.392          8     2.62982      1872.2     0.797646     0.602065    -0.335766  -0.00919869    0.0420049  -0.00706668
      1.392      1.479          8     2.68628     744.695      1.04095     0.060982   -0.0325527  -0.00865261  0.000613859  0.000949775
      1.479      1.566          8     2.82504     792.146     0.838185     0.451108    -0.264929    -0.017412    0.0390529  -0.00658315
      1.566      1.653          8     2.74678     777.616      0.92985     0.330941    -0.230335  -0.00958438    0.0344576    -0.006071
      1.653       1.74          8     2.74972     765.632      1.12147   -0.0501581   -0.0365615   0.00461765   0.00424423 -0.000712896
       1.74       1.83          8     2.85846     766.954      1.12493   -0.0921667   -0.0325099    0.0115383   0.00563124  -0.00165101
       1.83       1.93          8     2.70094     775.994      1.18557    -0.341245     0.108134    0.0213176   -0.0164227   0.00224169
       1.93      2.043          8     2.82535     772.793     0.970873   -0.0670728   -0.0203999    0.0123826   0.00509207  -0.00170277
      2.043      2.172          8      2.9531     771.708      1.19976    -0.600565     0.246056     0.035657   -0.0362467   0.00527389
      2.172      2.322          8     3.09897     565.499      1.20684    -0.713689     0.300219    0.0495343   -0.0482027   0.00709098
      2.322        2.5          8     3.16998      758.85      1.21137     -0.86951     0.405932     0.048139   -0.0600804   0.00919688
        2.5       2.65          8     3.20513     553.089      1.29618     -1.15416     0.562391    0.0706605   -0.0925708     0.014965
       2.65      2.853          8     3.48967     532.897      1.21492     -1.14273     0.577125    0.0715103   -0.0943186    0.0151533
      2.853      2.964          8      3.8223     387.637      1.52807     -1.91529      1.00432     0.164452     -0.21241    0.0371245
      2.964      3.139          8     4.12861     345.578        1.164     -1.49877     0.899368     0.113967    -0.195697    0.0367131
      3.139      3.314          8     4.66783     357.987      1.29605     -1.82937      1.02831     0.143833    -0.221705    0.0407124
      3.314      3.489          8     4.98151     242.069      1.46564     -2.07237      1.04453      0.21892     -0.25416     0.045323
      3.489      3.664          8     5.23213     240.186      1.40105     -1.98315      0.99982     0.210557    -0.242334    0.0430914
      3.664      3.839          8     5.10212     177.666      0.68439    -0.347439   -0.0272118    0.0980983    0.0423815   -0.0227159
      3.839      4.013          8     4.97336     218.373      1.60866     -2.33333      1.13965     0.247722    -0.276783    0.0486627
      4.013      4.191          8     4.76849     133.126      0.85588    -0.508252   -0.0758448     0.140093    0.0734789   -0.0378515
      4.191      4.363          8     4.42835     130.908      0.83722    -0.467305   -0.0707713     0.130009    0.0681682   -0.0353619
      4.363      4.538          8     4.10495     124.175     0.844767    -0.445151    -0.067032     0.126108    0.0657669   -0.0346011
      4.538      4.716          8     3.77534     69.3511     0.775559      -0.3421   -0.0811948     0.137138    0.0945696    -0.054763
      4.716      4.889          8     3.71751     41.9227     0.669978    -0.187664   -0.0327307     0.134942    0.0927529   -0.0622097
      4.889      5.191          8     3.10785     36.5567     0.527342     0.158508  0.000566818   -0.0328623   -0.0142835     0.013861
