     -5.191     -4.889          8     3.02702     45.1738     0.682065    -0.112903   -0.0444153    0.0822491    0.0640425   -0.0412575
     -4.889     -4.716          8     3.29017     43.0101     0.680804    -0.191704   -0.0458358     0.124314    0.0903313   -0.0567532
     -4.716     -4.538          8     3.56245     68.4958     0.719908    -0.292976    -0.068942      0.12259    0.0841148   -0.0487299
     -4.538     -4.363          8     3.96271     78.5646     0.678411    -0.296106   -0.0526403      0.10613     0.061674   -0.0349394
     -4.363     -4.191          8      4.3405     126.614     0.691296    -0.356565   -0.0404586     0.112024    0.0554358    -0.030576
     -4.191     -4.013          8     4.62721     168.249      1.44602     -2.09598      1.03788      0.27263    -0.293185    0.0534097
     -4.013     -3.839          8     4.84628     173.456       1.4816     -2.19136      1.08471     0.285615    -0.306044    0.0555985
     -3.839     -3.664          8     5.06846     238.393      1.36974     -1.96946     0.997955     0.209305    -0.241859    0.0430481
     -3.664     -3.489          8     4.98007     241.655      1.34109     -1.96045      1.02999     0.203633    -0.251682    0.0459566
     -3.489     -3.314          8     4.96051     243.211      1.27829     -1.83468     0.981623     0.190729    -0.239879    0.0440049
     -3.314     -3.139          8     4.61789     359.702      1.16917     -1.64293     0.953084     0.128327    -0.205588    0.0380386
     -3.139     -2.964          8     4.22451       337.3      1.07215     -1.28407     0.753865     0.103318    -0.161916    0.0297797
     -2.964     -2.853          8       3.544     383.292      1.42115     -1.81774      1.01072     0.150609    -0.215813    0.0388457
     -2.853      -2.65          8     3.20754     523.532      1.21411     -1.18439     0.628664     0.068333    -0.104562    0.0175293
      -2.65       -2.5          8     2.98969     542.214      1.25619     -1.10588     0.563002    0.0646836   -0.0936637     0.015562
       -2.5     -2.322          8     2.91659     734.929      1.25136    -0.986388     0.487916    0.0587857   -0.0810914     0.013342
     -2.322     -2.172          8     2.79222     754.729      1.21441    -0.769501     0.359937    0.0407757    -0.053989   0.00846028
     -2.172     -2.043          8     2.73348     743.472      1.28472    -0.740042      0.31515    0.0476254   -0.0520208    0.0080953
     -2.043      -1.93          8     2.62967     967.858      1.18398    -0.431049     0.160027    0.0262698   -0.0238777   0.00339859
      -1.93      -1.83          8     2.57691     757.995      1.06517   -0.0876925   -0.0266243    0.0130018   0.00561039  -0.00182415
      -1.83      -1.74          8     2.65014     758.733      1.06132   -0.0453167   -0.0314768   0.00558214   0.00412067 -0.000838265
      -1.74     -1.653          8     2.66351     783.492     0.849008     0.362171    -0.235435   -0.0103954    0.0356882  -0.00631827
     -1.653     -1.566          8     2.69036     814.459      1.09526   -0.0674943   -0.0383555   0.00553948   0.00456964 -0.000818443
     -1.566     -1.479          8     2.72326      822.93     0.837701     0.330651    -0.201164   -0.0128215    0.0292862  -0.00490789
     -1.479     -1.392          8     2.65687       750.8      1.05742  -0.00779912   -0.0301044   0.00119554   0.00282736 -0.000332659
     -1.392     -1.305          8     2.48601     1901.49     0.628086     0.810493    -0.447713   -0.0124188    0.0566924  -0.00958381
     -1.305     -1.218          8     2.57671     1079.99     0.891648     0.373111    -0.261333  -0.00162909    0.0372268   -0.0068694
     -1.218     -1.131          8     2.71457     1096.32      0.90139     0.247933    -0.141172  -0.00653199    0.0183814  -0.00304716
     -1.131     -1.044          8     2.67659     1520.64      1.02374    0.0117658   -0.0206367  0.000169787   0.00143712 -0.000129461
     -1.044     -0.957          8     2.51559     2905.93      1.02031   0.00659049   -0.0166113   0.00107586   0.00121419 -0.000197996
     -0.957     -0.879          8      2.7091     3431.55      1.08919    -0.125734    0.0475307   0.00226203  -0.00550687  0.000863488
     -0.879     -0.783          8     2.59012     3149.57     0.872197     0.254749    -0.143652    0.0022811    0.0150274  -0.00256273
     -0.783     -0.696          8     2.67206     1527.84     0.859001     0.233193    -0.117835  -0.00333221     0.014354  -0.00240492
     -0.696     -0.609          8      2.6777     2004.14     0.963882     0.029398   -0.0115157  0.000543609  0.000828875 -0.000165364
     -0.609     -0.522          8     2.69905     3668.26     0.965323    0.0306561   -0.0105272  0.000348354  0.000674915 -0.000114271
     -0.522     -0.435          8      2.6727     2442.21     0.991786    0.0210618   -0.0129602   0.00114947   0.00107914 -0.000206486
     -0.435     -0.348          8     2.59676     3676.11     0.863797     0.185996   -0.0729323  -0.00264209   0.00698652  -0.00103838
     -0.348     -0.261          8      2.7154     4360.79     0.884993      0.16472   -0.0644512     -0.00209   0.00608979 -0.000912993
     -0.261     -0.174          8     2.67234     2434.62      0.91833    0.0771896  -0.00944329  -0.00333954 -0.000123651  0.000184729
     -0.174     -0.087          8      2.7069     2764.68     0.767715     0.345353    -0.141782  -0.00602113    0.0155242  -0.00243457
     -0.087          0          8     2.78141     2348.66     0.788505     0.294852    -0.104272  -0.00717961    0.0108832   -0.0015818
          0      0.087          8       2.751     2761.53     0.788684     0.315937     -0.12056  -0.00657938     0.012889  -0.00195435
      0.087      0.174          8     2.75193     2786.25     0.835319     0.237116   -0.0895785  -0.00440032   0.00950267  -0.00146087
      0.174      0.261          8     2.61818     4271.09     0.751704     0.392417    -0.170843  -0.00366325    0.0173435  -0.00272758
      0.261      0.348          8     2.68711     4105.29     0.937465    0.0602398    -0.008929  -0.00165359  0.000190446  4.82124e-05
      0.348      0.435          8     2.67942     2416.53     0.966995     0.039582   -0.0113834 -0.000217203  0.000676182 -9.23425e-05
      0.435      0.522          8     2.72726     2824.91     0.957285    0.0470658   -0.0113741 -0.000854798  0.000560774  -2.6221e-05
      0.522      0.609          8     2.64439      2868.9     0.946076    0.0569609    -0.011713  -0.00200968  0.000320808  8.17772e-05
      0.609      0.696          8     2.69161      1517.5      1.09547    -0.168143    0.0720984   0.00660512  -0.00949738   0.00144173
      0.696      0.783          8     2.66158     1523.69      1.00743   0.00928736   -0.0169371   0.00177843    0.0015906 -0.000305405
      0.783      0.879          8     2.75532     1484.16      1.00385    0.0112088   -0.0180641   0.00223255   0.00198628 -0.000411936
      0.879      0.957          8     2.61542     1511.53     0.799365     0.359348    -0.170048  -0.00870878    0.0204181  -0.00322977
      0.957      1.044          8     2.70541     2858.97      1.04158   0.00256698   -0.0184934   0.00108303   0.00135663 -0.000183441
      1.044      1.131          8     2.65779     1081.45      1.02686    0.0265199   -0.0227706  -0.00145018   0.00135577  5.83419e-06
      1.131      1.218          8     2.65546     1063.75     0.987547     0.189086    -0.136138  -0.00156459    0.0182997  -0.00326841
      1.218      1.305          8      2.5421     1014.21     0.996777     0.228201    -0.179335   0.00262361    0.0257107  -0.00492494
      1.305      1.392          8     2.57484     726.692     0.850954     0.490887     -0.28036   -0.0222262     0.045923  -0.00805232
      1.392      1.479          8     2.68823     756.866      1.10566   -0.0281697   -0.0333824   0.00262006   0.00334619  -0.00055594
      1.479      1.566          8     2.61753     1675.38      1.01315     0.175607    -0.166689   0.00170998    0.0205097  -0.00359769
      1.566      1.653          8     2.60674     1177.51      1.12356   -0.0707967   -0.0349216   0.00535094   0.00381281  -0.00070235
      1.653       1.74          8     2.59883     1109.63     0.864138     0.391891    -0.259549   -0.0065377     0.035844  -0.00629302
       1.74       1.83          8     2.83623     1043.25      1.09462   -0.0795815   -0.0297339   0.00832126   0.00420016  -0.00106101
       1.83       1.93          8     2.59904     1064.25      1.02734   -0.0822677   -0.0222109    0.0110645   0.00435655  -0.00139195
       1.93      2.043          8     2.74131     788.628      1.16703     -0.45513     0.164251      0.02789   -0.0243485   0.00341224
      2.043      2.172          8     2.82262     776.698      1.17556    -0.612306     0.260048    0.0344404   -0.0388119   0.00586087
      2.172      2.322          8     3.02205     785.145      1.24856    -0.889791     0.416473    0.0452241   -0.0629024    0.0100039
      2.322        2.5          8     3.05658     784.885      1.16494    -0.871666      0.42733    0.0447497   -0.0641563    0.0102053
        2.5       2.65          8     3.10619      565.49      1.16461     -1.00695      0.51556    0.0596456   -0.0854339    0.0141322
       2.65      2.853          8     3.31973     546.562      1.23218     -1.27153     0.666979    0.0726592    -0.111088    0.0186529
      2.853      2.964          8     3.59367     393.393      1.22615     -1.43897     0.795647     0.123913     -0.16777     0.029651
      2.964      3.139          8     4.15714     464.397     0.979618      -1.2051     0.773975    0.0657334    -0.148593    0.0278355
      3.139      3.314          8     4.62683     355.882      1.18099     -1.66232     0.958707     0.130232     -0.20666    0.0381623
      3.314      3.489          8     4.94301      335.39      1.21703     -1.70937     0.933882     0.141336    -0.198271    0.0355659
      3.489      3.664          8     5.08641     242.579      1.32136     -1.93786      1.02937      0.20009    -0.252199    0.0463377
      3.664      3.839          8     4.96664     177.616     0.569023     -0.25265  -0.00933456    0.0811832    0.0333683   -0.0187641
      3.839      4.013          8     4.93633      135.22     0.679384     -0.37174   -0.0409353     0.115969     0.057214   -0.0315543
      4.013      4.191          8     4.58575     129.691     0.688524    -0.346337   -0.0500705     0.103017    0.0542659   -0.0269438
      4.191      4.363          8     4.34175     134.491     0.737748    -0.396162    -0.052012     0.117745    0.0598426   -0.0320384
      4.363      4.538          8     3.93647     95.0879     0.799765    -0.412192   -0.0857608     0.128975    0.0795856    -0.041034
      4.538      4.716          8     3.57044     68.6457      0.74132    -0.324381   -0.0766906     0.131225    0.0908488    -0.051352
      4.716      4.889          8     3.35373     41.3529     0.714659    -0.255702   -0.0599169     0.148012     0.109148   -0.0647713
      4.889      5.191          8     3.04573     35.2837     0.474991     0.156956    0.0153707   -0.0202362  -0.00990323    0.0106234
