     -5.191     -4.889          8       3.126     45.8886     0.759036    -0.174582   -0.0713102     0.094201    0.0780459   -0.0474484
     -4.889     -4.716          8     3.70271     36.1131     0.456714     0.158564    0.0219393   -0.0161463   -0.0101884   0.00682831
     -4.716     -4.538          8     3.76153     68.4092     0.788333    -0.349137   -0.0865971      0.13603     0.095151   -0.0545116
     -4.538     -4.363          8     4.16991     97.1894      0.94553    -0.526298    -0.120188     0.150469    0.0962041   -0.0482573
     -4.363     -4.191          8      4.4371      98.846     0.928933    -0.557712    -0.121942     0.160253     0.101553   -0.0505365
     -4.191     -4.013          8     4.79255     168.107      1.55255     -2.15582     0.988734     0.286767    -0.275348    0.0474719
     -4.013     -3.839          8      4.9722     171.758      1.54942     -2.15376     0.976091     0.289096    -0.270169    0.0458438
     -3.839     -3.664          8      5.1162     237.087      1.49212     -2.06686     0.974609     0.226828    -0.233019    0.0394196
     -3.664     -3.489          8     5.22957     242.435      1.45553     -2.05779      1.01486     0.220667    -0.245413    0.0429519
     -3.489     -3.314          8     4.86606     248.763      1.51214     -2.25845      1.18809     0.231172    -0.292658    0.0536965
     -3.314     -3.139          8     4.79709     350.404      1.35573      -1.7742     0.902281     0.152639    -0.190458    0.0329697
     -3.139     -2.964          8     4.31336     335.322      1.34392     -1.66806      0.87944     0.140007    -0.187414    0.0331521
     -2.964     -2.853          8     3.76121     380.977      1.63661     -2.10937       1.0929     0.180478    -0.231662    0.0404264
     -2.853      -2.65          8     3.42543     519.379      1.25942     -1.19864     0.599147    0.0749384   -0.0981444    0.0157367
      -2.65       -2.5          8     3.13713     540.743       1.3512     -1.22629     0.594408    0.0746656   -0.0981524    0.0158836
       -2.5     -2.322          8     3.13819     734.372      1.34222     -1.11249     0.528024    0.0681352   -0.0873164    0.0140687
     -2.322     -2.172          8     2.97637     752.983      1.33526    -0.930233     0.411768    0.0507591   -0.0614122   0.00939716
     -2.172     -2.043          8     2.90171     741.899      1.25808    -0.673286     0.272957    0.0459911   -0.0443874   0.00657031
     -2.043      -1.93          8     2.79415     959.624      1.01333   -0.0919958   -0.0213639     0.015587   0.00596488  -0.00213328
      -1.93      -1.83          8     2.78347     758.253      1.06369   -0.0886754   -0.0258968    0.0133576   0.00561852  -0.00189033
      -1.83      -1.74          8     2.76448     759.455       1.0642   -0.0539968   -0.0304462   0.00705867   0.00438539  -0.00104872
      -1.74     -1.653          8     2.79665     784.702      1.05314    -0.037497   -0.0324267   0.00382844   0.00367093 -0.000637978
     -1.653     -1.566          8     2.73103     813.851      0.84128     0.336949    -0.214734   -0.0117108    0.0319996   -0.0054897
     -1.566     -1.479          8     2.81015      820.42      0.74267     0.464884    -0.249823   -0.0204824    0.0365449  -0.00593419
     -1.479     -1.392          8      2.7983     1048.45     0.912875      0.22155    -0.135186  -0.00490994    0.0178184  -0.00301502
     -1.392     -1.305          8     2.37421     1891.87     0.564518     0.900476    -0.481458   -0.0162472    0.0610413   -0.0102051
     -1.305     -1.218          8     2.65913     738.901     0.691168     0.697206     -0.40073   -0.0282374    0.0685837   -0.0124569
     -1.218     -1.131          8     2.78213      1100.6      1.01552    0.0144742   -0.0212944  6.53416e-05   0.00152712 -0.000208696
     -1.131     -1.044          8     2.69509     1095.46      1.03656  0.000580701   -0.0216536   0.00181182    0.0020093 -0.000393397
     -1.044     -0.957          8     2.65707     2877.88      1.00957    0.0167943   -0.0168427  8.57738e-05   0.00103708 -9.57076e-05
     -0.957     -0.879          8     2.79161     3397.02     0.994347    0.0149532   -0.0133446  0.000553493  0.000804987 -0.000133746
     -0.879     -0.783          8     2.74066     3153.83     0.944744     0.129259   -0.0845205   0.00347693   0.00885487  -0.00158985
     -0.783     -0.696          8     2.81502     2885.17     0.977963    0.0195445   -0.0136204  0.000917917    0.0010614 -0.000179617
     -0.696     -0.609          8     2.79244      1995.1     0.974603     0.021328   -0.0131177   0.00161873   0.00128297 -0.000316104
     -0.609     -0.522          8     2.84252     3633.56     0.941235    0.0485481    -0.010312  -0.00107299  0.000395829  1.07437e-05
     -0.522     -0.435          8     2.76731     2427.95     0.967243    0.0353156   -0.0117058  0.000136463  0.000790392 -0.000116261
     -0.435     -0.348          8     2.77301     3657.73     0.901839      0.13571   -0.0543933  -0.00143724   0.00512978 -0.000778897
     -0.348     -0.261          8     2.86752     4359.26     0.937546    0.0573199  -0.00922806   -0.0015622  0.000215574  4.00948e-05
     -0.261     -0.174          8     2.80385     1937.17     0.899581    0.0883838  -0.00846306  -0.00412522 -0.000349014  0.000241093
     -0.174     -0.087          8     2.85665     3188.11     0.839744     0.192309   -0.0617894  -0.00377934   0.00572154 -0.000802031
     -0.087          0          8     2.84831     1460.94     0.919713     0.076839  -0.00838246  -0.00223179  0.000179346   2.1469e-05
          0      0.087          8     2.80913     2765.11     0.910213    0.0904538   -0.0082789  -0.00397362 -0.000280795  0.000251184
      0.087      0.174          8     2.86017     2775.92     0.941643    0.0578469  -0.00881638 -0.000985925  0.000393022 -2.59875e-05
      0.174      0.261          8     2.84583     4286.68     0.973246    0.0312172  -0.00953217  0.000922795  0.000782492 -0.000161067
      0.261      0.348          8     2.90822      4102.3     0.933021     0.060189  -0.00794725  -0.00150576  0.000137645  2.38345e-05
      0.348      0.435          8     2.83313     2413.68     0.953315     0.046269   -0.0101214 -0.000596174  0.000493949 -7.09839e-05
      0.435      0.522          8     2.84485     1497.98     0.974715    0.0327428   -0.0137186   0.00114985   0.00138111 -0.000331025
      0.522      0.609          8     2.81709     1944.69     0.952767    0.0462316   -0.0110748 -0.000439937  0.000649025 -0.000129412
      0.609      0.696          8     2.88129     1514.86     0.977399    0.0220541   -0.0125261   0.00176897    0.0012705 -0.000340875
      0.696      0.783          8     2.79554     1078.43     0.999574    0.0144891   -0.0179511    0.0017108   0.00181273 -0.000366154
      0.783      0.879          8     2.80689     1483.21      1.02322   -0.0135825    -0.016779   0.00551725   0.00262658 -0.000823499
      0.879      0.957          8     2.65267     1073.88      1.00618    0.0164624   -0.0187159   0.00107285   0.00167105 -0.000302795
      0.957      1.044          8     2.81822     2861.08      1.02358    0.0137801   -0.0172159  0.000254167   0.00107439 -0.000120215
      1.044      1.131          8     2.81485     1075.65      1.06502   -0.0112219   -0.0229006   0.00301305   0.00240741 -0.000524241
      1.131      1.218          8     2.78405     734.188        1.109   -0.0370651   -0.0316269   0.00665226   0.00466516  -0.00125831
      1.218      1.305          8     2.70965     695.891      1.06323    0.0197524   -0.0309794  -0.00103139   0.00279241 -1.37495e-05
      1.305      1.392          8     2.55314     1883.06     0.805332     0.561586    -0.321095  -0.00802805    0.0402835  -0.00680699
      1.392      1.479          8     2.66773     756.794      1.10332   -0.0443523   -0.0300082   0.00584095    0.0038291  -0.00101948
      1.479      1.566          8     2.87844     807.269     0.848708     0.414989    -0.258788   -0.0152127    0.0382544  -0.00652221
      1.566      1.653          8     2.78632     795.515     0.940455     0.230857    -0.172187   -0.0066357    0.0252505   -0.0044158
      1.653       1.74          8     2.88558     780.082     0.943884     0.250004    -0.194906  -0.00447084     0.029525  -0.00540369
       1.74       1.83          8     2.77969        1043      1.10971    -0.103275   -0.0280617    0.0115904   0.00481058  -0.00147005
       1.83       1.93          8      2.8373     781.865      1.15629    -0.332859     0.105734    0.0204727   -0.0162439   0.00224961
       1.93      2.043          8     2.89122     788.942      1.15312    -0.451423     0.169805    0.0270576   -0.0253633   0.00364175
      2.043      2.172          8     2.98042     775.543      1.27052    -0.748932     0.309772    0.0421649   -0.0461251   0.00689641
      2.172      2.322          8     3.15846     784.762      1.26565    -0.880501     0.395487    0.0471825    -0.059242   0.00916257
      2.322        2.5          8     3.25479     565.977      1.30666     -1.07863     0.498706    0.0673479   -0.0820543    0.0130317
        2.5       2.65          8      3.2625     565.388      1.41781     -1.39287     0.666995    0.0832874    -0.110519    0.0179825
       2.65      2.853          8     3.55889      545.97       1.3766     -1.46237     0.724806    0.0870511    -0.120034    0.0196454
      2.853      2.964          8     3.84766     395.546      1.54939     -1.94996     0.998137     0.168577    -0.210803    0.0364852
      2.964      3.139          8     4.17725     347.957      1.22664     -1.61342     0.938613      0.12498    -0.203694    0.0377869
      3.139      3.314          8     4.68114     359.043      1.32057     -1.85966      1.02908     0.147954    -0.221596    0.0403733
      3.314      3.489          8     4.85604     346.176      1.40224     -2.03864      1.09773     0.165251     -0.23505    0.0422872
      3.489      3.664          8     5.25446     241.306      1.39455     -1.92618     0.943583     0.208405    -0.227171    0.0394293
      3.664      3.839          8     5.13946      178.49     0.689766    -0.349976   -0.0296918    0.0973245    0.0424317   -0.0225684
      3.839      4.013          8     4.94084     177.171      1.54992     -2.15154     0.970666     0.289781    -0.267944    0.0452035
      4.013      4.191          8     4.71851     136.111     0.745325    -0.407776   -0.0523211     0.121097     0.061054    -0.033243
      4.191      4.363          8     4.43179     132.765     0.856326    -0.480449   -0.0782103     0.129745    0.0696131   -0.0348883
      4.363      4.538          8     4.08586     96.2882     0.911107    -0.499295    -0.113121     0.144603    0.0922882   -0.0459896
      4.538      4.716          8     3.76795     71.1723     0.789858    -0.345964   -0.0883858     0.132846    0.0937367   -0.0534989
      4.716      4.889          8     3.67474     41.5003     0.716628    -0.236243   -0.0523488     0.144969     0.104074   -0.0664491
      4.889      5.191          8     3.10861     35.4815     0.829834    -0.244987    -0.120378     0.127183     0.128769   -0.0760192
