     -5.191     -4.889          8     2.84676     45.7691     0.805138    -0.187604    -0.088704    0.0871985    0.0787184    -0.044617
     -4.889     -4.716          8     3.05949     44.2715      0.78668    -0.223606   -0.0843748     0.110058    0.0915256   -0.0530997
     -4.716     -4.538          8     3.41204     82.9572     0.953882    -0.497749    -0.111019     0.148695    0.0941299   -0.0473047
     -4.538     -4.363          8     3.81243     97.0642     0.888924    -0.459737    -0.109292     0.131613    0.0852724   -0.0421149
     -4.363     -4.191          8     4.11032     98.3626     0.826695    -0.423107    -0.102863     0.120426    0.0794352   -0.0372331
     -4.191     -4.013          8     4.40075     169.874     0.722261    -0.357458   -0.0363784    0.0959131    0.0428343   -0.0222973
     -4.013     -3.839          8     4.59027     227.699        1.352     -1.79317     0.838263     0.199656    -0.198727    0.0330719
     -3.839     -3.664          8     4.80559     238.908      1.26129     -1.62928     0.762518     0.183796    -0.179459    0.0295626
     -3.664     -3.489          8     4.77205     331.293      1.31004     -1.76864     0.887375     0.155796    -0.185491    0.0314831
     -3.489     -3.314          8     4.72443     341.552      1.22633     -1.58232     0.798819      0.14147    -0.166146    0.0280043
     -3.314     -3.139          8      4.3631     361.973      1.25218     -1.66548     0.901375     0.138572    -0.192371    0.0341354
     -3.139     -2.964          8     3.96385     335.635      1.15615     -1.30756     0.708371     0.112231    -0.150236    0.0263657
     -2.964     -2.853          8     3.23701     518.138      1.22591     -1.49045     0.903035    0.0697216    -0.155434    0.0278251
     -2.853      -2.65          8     3.08295     526.825      1.34983     -1.31133     0.630446    0.0834558    -0.102896    0.0162134
      -2.65       -2.5          8     2.86073     542.205      1.38255     -1.21066      0.55933    0.0773344   -0.0913766    0.0142919
       -2.5     -2.322          8     2.77531     541.875      1.49514     -1.28996     0.583015    0.0802309   -0.0960891    0.0152006
     -2.322     -2.172          8     2.72077     925.812      1.35742    -0.877042     0.362007    0.0514703   -0.0531623   0.00772132
     -2.172     -2.043          8     2.58406      736.85      1.30904    -0.643365     0.223198    0.0480951   -0.0349839   0.00451317
     -2.043      -1.93          8     2.56854     735.892      1.07883    -0.125973   -0.0300707     0.020315   0.00850783  -0.00300347
      -1.93      -1.83          8     2.66461     748.361       1.1008    -0.103559   -0.0330051    0.0157813    0.0074277  -0.00241031
      -1.83      -1.74          8     2.58937     761.163      1.11485   -0.0822202   -0.0323916    0.0103492   0.00536427  -0.00147534
      -1.74     -1.653          8     2.59132     1637.58      1.10142   -0.0669844   -0.0278471   0.00600362   0.00322621  -0.00068211
     -1.653     -1.566          8      2.6012     805.503     0.790143     0.457565    -0.268598   -0.0174725    0.0402181  -0.00679789
     -1.566     -1.479          8     2.66935     808.703     0.910623     0.259625     -0.16924   -0.0100786    0.0242514  -0.00403526
     -1.479     -1.392          8      2.6114     1038.19      1.02617    0.0215174   -0.0242785  -0.00149985   0.00146224  3.63121e-05
     -1.392     -1.305          8     2.49546     748.571      1.03284    0.0411039   -0.0316397  -0.00552282   0.00139949  0.000531397
     -1.305     -1.218          8     2.37118     1044.34       0.7902     0.548935    -0.327018  -0.00930868    0.0463982  -0.00825023
     -1.218     -1.131          8     2.49344     1033.91      1.03313    0.0225611     -0.01873  0.000471253   0.00147066 -0.000271144
     -1.131     -1.044          8     2.49015     1066.42      1.02026    0.0333625   -0.0190551 -0.000834069   0.00123172 -9.19878e-05
     -1.044     -0.957          8       2.623     1523.25      1.05149 -0.000949805   -0.0167615   0.00293746   0.00176152 -0.000464804
     -0.957     -0.879          8     2.56918     2796.06      1.00231    0.0238297   -0.0133484  0.000714589   0.00098225 -0.000172943
     -0.879     -0.783          8     2.58943     3145.49     0.859864      0.26345    -0.130869   0.00013504    0.0135056  -0.00223889
     -0.783     -0.696          8     2.59182     1962.31      1.01415   0.00256889   -0.0154096   0.00313528   0.00181171 -0.000452338
     -0.696     -0.609          8     2.57703     1544.99     0.954816    0.0457734   -0.0139683  -0.00106498  0.000796986 -8.83082e-06
     -0.609     -0.522          8      2.6411     1518.74     0.966584    0.0284426   -0.0122971   0.00118779   0.00114209 -0.000273813
     -0.522     -0.435          8     2.65593      3303.1      1.04134   -0.0931594    0.0391009   0.00328329  -0.00427634  0.000586256
     -0.435     -0.348          8     2.68363     2027.47      0.95456    0.0303985   -0.0109603  0.000666954  0.000841518 -0.000173169
     -0.348     -0.261          8     2.60234     2009.06      1.06352    -0.158596    0.0753756   0.00438641  -0.00893744    0.0013701
     -0.261     -0.174          8     2.57847     3011.89      1.10257    -0.256389        0.135   0.00177562   -0.0146681   0.00236593
     -0.174     -0.087          8     2.52999     2461.23     0.960419    0.0181337   -0.0111796   0.00188531   0.00115242 -0.000272126
     -0.087          0          8      2.7142     2510.57     0.921406    0.0427086  -0.00880818   5.0568e-06  0.000557296 -0.000124971
          0      0.087          8     2.74319     2963.54      0.91893    0.0507366  -0.00881321 -0.000823681    0.0003592 -5.53257e-05
      0.087      0.174          8     2.59728      4159.8     0.876006     0.186593    -0.100787   0.00247233    0.0106526  -0.00187262
      0.174      0.261          8     2.53997     4508.73     0.956918    0.0199712  -0.00904074   0.00171465  0.000887387 -0.000230605
      0.261      0.348          8     2.69134     4337.87      1.05304    -0.143017     0.073631   0.00198464  -0.00813079   0.00127701
      0.348      0.435          8      2.6908     2880.06     0.953569    0.0378209   -0.0121789 -0.000247585  0.000759269  -6.8826e-05
      0.435      0.522          8     2.69033     2885.43     0.972674    0.0166558   -0.0103286   0.00219293    0.0011157 -0.000326576
      0.522      0.609          8     2.63829     1523.81     0.951381    0.0393922   -0.0111327  0.000280362  0.000832965 -0.000195563
      0.609      0.696          8     2.60541     1507.06     0.985167    0.0220797   -0.0147626   0.00145804   0.00145952 -0.000257906
      0.696      0.783          8     2.60723     1965.97     0.987371    0.0293317   -0.0150061  0.000444765   0.00119518 -0.000168727
      0.783      0.879          8     2.61282     1035.28      1.03123  -0.00258898   -0.0171154   0.00440031    0.0024277 -0.000681001
      0.879      0.957          8     2.61935     1053.89      1.02805    0.0122144   -0.0167217   0.00252454   0.00185241 -0.000510348
      0.957      1.044          8      2.5978     2799.22      1.10178    -0.106235    0.0444641   0.00259356  -0.00580813  0.000939867
      1.044      1.131          8     2.52445     1039.91      1.05954    0.0166144   -0.0221921   0.00035051   0.00178711 -0.000195457
      1.131      1.218          8     2.42721     1024.25      1.09321   -0.0014944   -0.0226702   0.00244666   0.00230222 -0.000449326
      1.218      1.305          8     2.44433     684.387      1.11914 -0.000399179   -0.0339836   0.00119792   0.00366032 -0.000316942
      1.305      1.392          8     2.41884     719.871       1.0629    0.0435289   -0.0291186  -0.00431478   0.00147555  0.000284573
      1.392      1.479          8     2.49805     744.018      1.05183     0.037826   -0.0318887  -0.00498877   0.00152686  0.000418882
      1.479      1.566          8     2.62819     787.901     0.946644     0.279624    -0.190904  -0.00972416    0.0277632  -0.00473458
      1.566      1.653          8     2.53718     1137.92      0.87982     0.381103    -0.241921  -0.00894129    0.0327946  -0.00557002
      1.653       1.74          8     2.62235     1093.02     0.884203     0.350534     -0.22986  -0.00560315    0.0317816  -0.00559595
       1.74       1.83          8     2.74226     763.267      1.12988   -0.0845913   -0.0357582    0.0094532   0.00542007  -0.00133416
       1.83       1.93          8     2.66161      772.18      1.09317    -0.115407   -0.0292497    0.0158064    0.0065555  -0.00216276
       1.93      2.043          8     2.56948     774.292      1.03734    -0.120545   -0.0240487     0.018288   0.00685957  -0.00245902
      2.043      2.172          8     2.67807     773.228      1.24585    -0.620925     0.231973    0.0389835   -0.0336104   0.00457993
      2.172      2.322          8     2.75566     753.379      1.30797    -0.838116     0.341921    0.0497913   -0.0499868   0.00718337
      2.322        2.5          8     2.84075     757.644      1.30871    -0.983836     0.431371    0.0565303   -0.0633758   0.00939149
        2.5       2.65          8     2.92066     554.495      1.31061     -1.10499     0.498849    0.0734344   -0.0805107    0.0122401
       2.65      2.853          8     3.14559     411.352      1.35399     -1.32819     0.617254     0.102905    -0.110782    0.0173106
      2.853      2.964          8     3.51493     395.071      1.40177     -1.61684     0.814731     0.146489    -0.169497    0.0283948
      2.964      3.139          8     4.03347     332.911       1.2327     -1.42357     0.740639     0.124722    -0.155998    0.0268529
      3.139      3.314          8     4.36471     357.266      1.24578     -1.65439     0.897645     0.137474    -0.191658    0.0340449
      3.314      3.489          8     4.73075     331.126       1.2895     -1.69385     0.847517     0.151052    -0.176597    0.0297368
      3.489      3.664          8     4.82598     239.748       1.2269     -1.59179     0.767673     0.177311     -0.18172    0.0306916
      3.664      3.839          8     4.80348     179.337     0.700006     -0.35186   -0.0343372    0.0954767    0.0425957   -0.0219825
      3.839      4.013          8     4.53365     175.339      0.70098    -0.351674   -0.0343233    0.0953892    0.0425533   -0.0219334
      4.013      4.191          8     4.38566     133.513     0.793467    -0.420085   -0.0717028      0.11353     0.061973   -0.0300659
      4.191      4.363          8     4.07951     129.715     0.802569    -0.416715   -0.0701513     0.113715     0.061559   -0.0304443
      4.363      4.538          8      3.7728     95.1912      0.87938    -0.461573    -0.107063     0.133769    0.0859482   -0.0426332
      4.538      4.716          8     3.38218     69.8485     0.821906    -0.356864     -0.10132     0.127988    0.0944901   -0.0511102
      4.716      4.889          8     3.09967     44.5725     0.805041    -0.267561   -0.0922153     0.127681     0.104475   -0.0597443
      4.889      5.191          8     2.82568     48.0877     0.816406    -0.188913    -0.094973    0.0821195    0.0772221   -0.0428138
