#
#     Calibration for HLT jets 
#
#     
#
#     (SchemeC) + (SplitTowers + ET > 0.5) + (IC05) + (MCJet + LQ)
#
 0.226 1 1.0 45.0 55.0 0.15606 114.09909 -1.45808 -2.79055 0.64159 3.74514 1.00223
 0.441 1 1.0 45.0 55.0 0.14617 106.94325 -1.29900 -10.53403 10.00000 -1.00000 0.99091
 0.751 1 1.0 45.0 55.0 0.09002 15.37073 -0.18663 -2.53686 0.49705 4.91011 0.99674
 0.991 1 1.0 45.0 55.0 0.07677 13.09767 -0.06717 -2.87886 0.60985 8.88349 0.99716
 1.260 1 1.0 45.0 55.0 0.07524 21.30222 -0.10295 -2.87352 0.58977 9.50067 0.98874
 1.496 1 1.0 45.0 55.0 0.08593 45.76747 -0.33141 -3.00647 0.63212 11.62207 0.96164
 1.757 1 1.0 45.0 55.0 0.46480 1859.00838 -19.78566 -4.53157 1.22068 12.13017 1.05298
 2.046 1 1.0 45.0 55.0 0.47186 1762.50867 -19.53021 -3.15886 1.06384 -4.84700 1.01609
 2.295 1 1.0 45.0 55.0 0.07709 5.48920 0.05791 -2.57352 1.31064 -17.74875 1.00075
 2.487 1 1.0 45.0 55.0 0.17111 132.38552 -1.62203 -2.44681 1.29321 -7.53116 1.00726
 2.690 1 1.0 45.0 55.0 0.06883 -1.15744 0.23006 -1.71980 1.09284 -14.37578 0.98031
 2.916 1 1.0 45.0 55.0 0.08248 52.31857 -0.10975 -1.54978 1.37157 -16.71898 0.93581
 3.284 1 1.0 45.0 55.0 0.05884 4.17453 0.37412 -1.25849 1.11851 -20.23253 1.01156
 4.000 1 1.0 25.0 35.0 0.42538 593.48305 -9.78536 -1.61922 1.56438 -9.80313 1.10109
 4.400 1 1.0 25.0 35.0 0.09439 1.29493 0.26237 -54.29835 539.34913 -1.00037 1.21265
 4.800 1 1.0 20.0 25.0 0.39222 548.84304 -8.81965 -35.39508 239.71355 -1.00012 1.03524
