#      RecQuery myQuery("PersistentJetFinder");
#      myQuery.setParameter<int>("JetAlgorithm",2);
#      myQuery.setParameter<int>("JetRecom",4);
#      myQuery.setParameter("ConeCut",0.7);
#      myQuery.setParameter("ConeSeedEtCut",0.0);
#      myQuery.setParameter<string>("JetInput","EcalPlusHcalTowerInput");
#      myQuery.setParameter("EcalPlusHcalTowerEt",0.5);
#      myQuery.setParameter("EcalPlusHcalTowerE",0.8);                                                       
#      myQuery.setParameter<string>("JetCalibration","no");
#      myQuery.setParameter("JetEtCut",3.0);
#      myQuery.setParameter<string>("JetSortType","byEt"); 

 0.226 1 1.0 70.0 90.0 0.06751 125.00474 -0.29292 -3.00279 1.05543 1.91662 0.99262
 0.441 1 1.0 110.0 140.0 0.04018 33.82567 0.22560 -0.96671 0.10000 0.00000 0.99049
 0.751 1 1.0 110.0 140.0 0.03254 6.54718 0.35551 -2.94912 0.59728 36.11065 1.00959
 0.991 1 1.0 70.0 90.0 0.25309 3386.39440 -14.24184 -2.71343 0.71652 13.73660 0.98778
 1.260 1 1.0 70.0 90.0 0.24746 2788.03972 -12.59970 -2.90424 0.65648 23.16469 0.98932
 1.496 1 1.0 90.0 120.0 0.04727 76.62902 0.03267 -3.05856 0.83091 16.62053 0.96336
 1.757 1 1.0 60.0 80.0 0.31805 2635.21256 -15.89241 -23.59199 54.01470 -1.00005 1.02988
 2.046 1 1.0 60.0 80.0 0.06459 36.14253 0.03120 -4.87979 3.17449 -1.00005 1.01728
 2.295 1 1.0 60.0 80.0 0.05491 10.42013 0.27827 -3.00841 2.15833 -8.04151 1.01030
 2.487 1 1.0 50.0 60.0 0.03795 -1.36160 0.52237 -1.93374 1.85263 -7.33543 0.99743
 2.690 1 1.0 35.0 45.0 0.16364 1413.42694 -5.41824 -35.23794 1227.31461 -1.00000 0.97935
 2.916 1 1.0 35.0 45.0 0.08191 2735.93852 -3.47251 -23.77033 2091.00407 -1.00002 0.92879
 3.284 1 1.0 35.0 45.0 0.05517 1280.79871 -1.10413 -12.58568 324.67296 -1.00102 1.01082
 4.000 1 1.0 20.0 25.0 0.04453 -8.00000 0.72986 -0.70302 1.03074 -7.33441 1.07431
 4.400 1 1.0 15.0 16.0 0.10068 -0.01085 0.36802 -14.93028 93.86019 -1.00005 1.15311
 4.800 1 1.0 15.0 16.0 0.07874 -0.00921 0.28741 -36.04121 470.96002 -1.00000 1.01921
