# RecQuery myQuery("PersistentJetFinder"); 
# myQuery.setParameter<int>("JetAlgorithm",2); 
# myQuery.setParameter<int>("JetRecom",4); 
# myQuery.setParameter("ConeCut",0.7); 
# myQuery.setParameter("ConeSeedEtCut",0.0); 
# myQuery.setParameter<string>("JetInput","EcalPlusHcalUETowerInput"); 
# myQuery.setParameter<string>("JetCalibration","no"); 
# myQuery.setParameter("JetEtCut",3.0); 
# myQuery.setParameter<string>("JetSortType","byE");

 0.226 1 1.0 70.0 90.0 0.06719 17.76456 -0.09179 -1.60844 0.18621 -1.49117 1.00411
 0.441 1 1.0 70.0 90.0 0.07165 33.45649 -0.20143 -1.15813 0.10000 -1.05000 0.99721
 0.751 1 1.0 70.0 90.0 0.06733 17.49543 -0.09080 -1.16586 0.10000 -0.95000 0.99554
 0.991 1 1.0 70.0 90.0 0.04830 -6.86966 0.15733 -1.37330 0.13856 -0.79999 0.99326
 1.260 1 1.0 70.0 90.0 0.05982 15.40790 -0.00804 -3.05272 0.58116 5.76705 0.99380
 1.496 1 1.0 90.0 120.0 0.05696 35.40898 -0.05756 -3.38079 0.71033 8.29224 0.97653
 1.757 1 1.0 60.0 80.0 0.10894 103.84606 -0.85071 -23.37163 35.42420 -1.00041 1.04606
 2.046 1 1.0 60.0 80.0 0.06705 2.11049 0.05938 -6.44953 3.66478 -9.55010 1.03163
 2.295 1 1.0 60.0 80.0 0.07275 6.04766 0.05810 -3.74450 2.14977 -27.87383 1.02044
 2.487 1 1.0 50.0 60.0 0.43245 1181.86813 -14.50345 -2.84677 1.84583 -22.14562 1.01311
 2.690 1 1.0 45.0 55.0 0.07887 6.92200 0.13291 -1.96634 1.22629 -11.50669 1.00414
 2.916 1 1.0 35.0 45.0 0.12480 68.09339 -0.57779 -1.72032 1.26961 -6.09881 0.97298
 3.284 1 1.0 35.0 45.0 0.05642 -6.23696 0.44569 -1.74430 1.35948 -14.95189 1.04471
 4.000 1 1.0 25.0 30.0 0.28102 151.82314 -2.98791 -1.58174 1.12850 -8.93822 1.11300
 4.400 1 1.0 15.0 16.0 0.08520 -0.01093 0.31152 -18.25349 71.38989 -1.00000 1.19344
 4.800 1 1.0 15.0 16.0 0.07477 -0.00968 0.27274 -31.75667 325.13556 -1.00001 1.01750
