#      RecQuery myQuery("PersistentJetFinder");
#      myQuery.setParameter<int>("JetAlgorithm",2);
#      myQuery.setParameter<int>("JetRecom",4);
#      myQuery.setParameter("ConeCut",0.5);
#      myQuery.setParameter("ConeSeedEtCut",0.0);
#      myQuery.setParameter<string>("JetInput","EcalPlusHcalUETowerInput");
#      myQuery.setParameter<string>("JetCalibration","no");
#      myQuery.setParameter("JetEtCut",3.0);
#      myQuery.setParameter<string>("JetSortType","byEt");

 0.226 1 1. 70.0 90.0 0.33689 1697.88082 -13.58963 -1.00239 0.10000 -1.50000 0.99493
 0.441 1 1. 70.0 90.0 0.45156 3366.14018 -25.91092 -1.08241 0.10000 -1.05000 0.99496
 0.751 1 1. 70.0 90.0 0.09177 74.69077 -0.53484 -1.07299 0.10000 -0.95000 0.99199
 0.991 1 1. 70.0 90.0 0.38624 3005.81658 -20.85244 -1.91313 0.31209 -0.80000 0.99036
 1.260 1 1. 70.0 90.0 0.27034 1344.17500 -9.59419 -2.98238 0.62589 8.71840 0.99025
 1.496 1 1. 80.0 120.0 0.06937 95.61103 -0.34605 -2.73402 0.96289 -19.18348 0.93249
 1.757 1 1. 60.0 80.0 0.35583 1766.24657 -14.63659 -4.64909 2.53255 -49.33238 1.01356
 2.046 1 1. 60.0 80.0 0.43001 2034.94779 -19.06165 -3.91652 2.28764 -35.05171 1.00364
 2.295 1 1. 60.0 80.0 0.08378 20.65076 -0.06227 -3.28742 2.12328 -22.56839 1.00901
 2.487 1 1. 50.0 60.0 0.07300 3.55373 0.17113 -2.32246 1.80381 -23.49798 0.98817
 2.690 1 1. 45.0 55.0 0.05332 -5.32874 0.40227 -1.43751 1.20285 -16.07246 0.97114
 2.916 1 1. 35.0 45.0 0.05409 3.22465 0.39711 -1.85939 2.21389 -1.00000 0.94701
 3.284 1 1. 35.0 45.0 0.04791 -5.87386 0.53758 -0.67138 0.26078 -1.22056 1.03377
 4.000 1 1. 35.0 45.0 0.05059 -11.03556 0.61924 -1.15244 1.32254 -18.50260 1.07971
 4.400 1 1. 15.0 16.0 0.09776 -0.01017 0.35675 -1.65606 1.28359 -1.78008 1.12658
 4.800 1 1. 15.0 16.0 0.08225 -0.00882 0.30002 -34.69670 614.71184 -1.00002 0.97188 
