#   RecQuery jetQuery("PersistentJetFinder");
#   jetQuery.setParameter<int>("JetAlgorithm",2);
#   jetQuery.setParameter<int>("JetRecom",4);
#   jetQuery.setParameter("ConeCut",0.5);
#   jetQuery.setParameter("ConeSeedEtCut",0.0);
#   jetQuery.setParameter<string>("JetInput","EcalPlusHcalTowerInput");
#   jetQuery.setParameter("EcalPlusHcalTowerEt",0.5);
#   jetQuery.setParameter<string>("JetCalibration","no");
#   jetQuery.setParameter("JetEtCut",3.0);
#   jetQuery.setParameter<string>("JetSortType","byEt");

 0.226 1 1. 70.0 90.0 0.06439 4663.95913 -3.67338 -2.94353 1.20214 71.61830 0.99058
 0.441 1 1. 130.0 190.0 0.01440 18.18976 0.60224 -7.07828 10.00000 -1.00000 0.96594
 0.751 1 1. 70.0 90.0 0.14036 3831.73786 -8.05875 -2.97779 0.96617 50.55289 0.98695
 0.991 1 1. 70.0 90.0 0.03195 36.37798 0.34795 -2.94911 0.83240 33.23754 0.98906
 1.260 1 1. 70.0 90.0 0.03053 3.87135 0.38630 -2.92398 0.76907 24.14382 0.98220
 1.496 1 1. 70.0 90.0 0.21822 2367.39011 -10.15639 -8.58580 10.00000 -1.00000 0.93173
 1.757 1 1. 60.0 80.0 0.28838 2176.20105 -13.01086 -57.39253 350.40209 -1.00058 1.01761
 2.046 1 1. 60.0 80.0 0.05491 17.33481 0.19025 -15.17565 35.09108 -1.00015 1.00408
 2.295 1 1. 55.0 75.0 0.04240 -4.73112 0.42866 -33.38915 307.38348 -1.00000 0.99189
 2.487 1 1. 50.0 60.0 0.02953 -8.26829 0.58508 -30.93699 448.83231 -1.00006 0.98162
 2.690 1 1. 70.0 90.0 0.01586 -1.01272 0.70833 -27.89471 688.20473 -1.00025 0.96329
 2.916 1 1. 55.0 75.0 0.06595 2094.87995 -2.22126 -18.55018 893.16844 -1.00000 0.91538
 3.284 1 1. 35.0 45.0 0.00693 -8.55443 0.85178 -8.68153 189.36626 -1.00004 0.99158
 4.000 1 1. 30.0 35.0 0.02856 -9.00000 0.80273 -12.84751 259.55722 -1.00000 1.07800
 4.400 1 1. 23.0 28.0 0.04224 -9.00000 0.71744 -15.38093 196.12651 -1.00004 1.10310
 4.800 1 1. 14.0 17.0 0.08658 -0.12542 0.31319 -55.53115 1921.84358 -1.00009 0.95894
