#      RecQuery myQuery("PersistentJetFinder");
#      myQuery.setParameter<int>("JetAlgorithm",2);
#      myQuery.setParameter<int>("JetRecom",4);
#      myQuery.setParameter("ConeCut",0.5);
#      myQuery.setParameter("ConeSeedEtCut",0.0);
#      myQuery.setParameter<string>("JetInput","EcalPlusHcalTowerInput");
#      myQuery.setParameter("EcalPlusHcalTowerEt",0.5);
#      myQuery.setParameter("EcalPlusHcalTowerE",0.8);                                                       
#      myQuery.setParameter<string>("JetCalibration","no");
#      myQuery.setParameter("JetEtCut",3.0);
#      myQuery.setParameter<string>("JetSortType","byEt"); 

 0.226 1 1.0 60.0 80.0 0.05545 37.23765 0.09700 -2.52993 0.85263 -1.17397 0.99023
 0.441 1 1.0 90.0 120.0 0.03994 6.74276 0.30184 -1.23187 0.10051 7.04395 1.01608
 0.751 1 1.0 70.0 90.0 0.05760 59.78644 -0.00271 -2.77821 0.73064 17.53456 0.99544
 0.991 1 1.0 50.0 70.0 0.04139 3.08801 0.30135 -2.68712 0.75427 12.75533 0.98680
 1.260 1 1.0 70.0 90.0 0.06032 85.65909 -0.11528 -2.86882 0.68328 23.85095 0.98673
 1.496 1 1.0 100.0 120.0 0.03721 12.91635 0.26658 -2.26189 0.91969 -22.90439 0.92527
 1.757 1 1.0 75.0 85.0 0.05124 15.73530 0.17719 -3.74855 2.13576 -49.99955 1.00800
 2.046 1 1.0 60.0 80.0 0.07616 46.37063 -0.10932 -3.86838 2.93152 -36.52188 0.99710
 2.295 1 1.0 60.0 80.0 0.05552 12.08686 0.27368 -2.82130 2.11316 -4.67815 1.00049
 2.487 1 1.0 50.0 60.0 0.03529 -6.46204 0.54475 -1.64302 1.56678 -10.68449 0.97661
 2.690 1 1.0 45.0 55.0 0.01832 -3.34288 0.69648 -21.71643 494.24065 -1.00004 0.96022
 2.916 1 1.0 35.0 45.0 0.08400 2360.76620 -3.29213 -20.64735 1518.41442 -1.00000 0.90781
 3.284 1 1.0 35.0 45.0 0.06832 2204.26887 -2.34902 -2.09230 7.91399 -1.00000 1.00708
 4.000 1 1.0 30.0 40.0 0.02666 -9.00000 0.80630 -15.00081 357.40746 -1.00055 1.07601
 4.400 1 1.0 15.0 20.0 0.08003 11.13808 0.40674 -30.23954 729.32267 -1.00002 1.10087
 4.800 1 1.0 15.0 16.0 0.08468 -0.00858 0.30886 -32.63238 566.99179 -1.00010 0.98243
