#      RecQuery myQuery("PersistentJetFinder2");
#      myQuery.setParameter<int>("JetAlgorithm",2);
#      myQuery.setParameter<int>("JetRecom",4);
#      myQuery.setParameter("ConeCut",0.5);
#      myQuery.setParameter("ConeSeedEtCut",1.0);
#      myQuery.setParameter<string>("JetInput","ComponentInput");
#      myQuery.setParameter("EcalPlusHcalTowerEt",0.);
#      myQuery.setParameter<string>("JetCalibration","no");
#      myQuery.setParameter("JetEtCut",10.0);
#      myQuery.setParameter<string>("JetSortType","byEt");
#
# For low luminosity case please also add line
#   CaloJetPreselectorByEtThreshold:JetEtThreshold = 5.
# to .orcarc file
#

 0.226 1 1.0 24.0 39.7 -1.20541 627.18050 31.31924 -2.46758 0.56845 9.68074 0.99600
 0.441 1 1.0 20.9 77.0 -2.70692 952.48936 84.98412 -9.70613 10.00000 -1.00000 0.98450
 0.751 1 1.0 20.7 40.0 -2.86747 1136.79870 98.09824 -2.48934 0.48503 11.94440 0.99483
 0.991 1 1.0 25.0 35.0 -0.80988 280.97654 14.67418 -2.55455 0.49101 11.40557 0.99372
 1.260 1 1.0 25.0 35.0 -1.05845 426.22955 22.97715 -2.63279 0.48097 12.13261 0.98764
 1.496 1 1.0 25.7 33.0 -1.14356 434.22691 24.98693 -2.75775 0.57415 13.38338 0.95183
 1.757 1 1.0 25.5 35.0 -1.11384 432.86035 24.31653 -2.93286 0.58278 6.84357 1.03858
 2.046 1 1.0 21.3 36.0 -1.23169 196.34566 18.67017 -27.75288 83.39506 -1.00001 1.01077
 2.295 1 1.0 24.5 32.5 -0.63656 152.61664 8.99265 -29.04666 107.62123 -1.00009 1.02066
 2.487 1 1.0 20.1 31.0 -1.82800 429.81747 39.31499 -2.88397 1.35890 -3.06189 1.01048
 2.690 1 1.0 20.7 29.0 -1.53787 529.76783 36.63622 -32.40998 191.44418 -1.00005 1.00117
 2.916 1 1.0 19.3 29.0 -2.40507 831.48022 70.73751 -1.99594 1.21546 -3.79039 0.95046
 3.284 1 1.0 19.2 25.0 -2.18883 1275.90935 79.42236 -18.41422 82.60646 -1.00016 1.06316
 4.000 1 1.0 18.0 22.5 -1.57412 1292.08263 57.70567 -2.10187 1.32308 -1.71388 1.12901
 4.400 1 1.0 18.0 21.0 -2.15975 1048.00734 71.23225 -35.80633 361.29417 -1.00001 1.12878
 4.800 1 1.0 18.7 23.0 -1.57602 337.70701 30.38229 -38.75253 776.37278 -1.00001 0.92431
