# RecQuery myQuery("PersistentJetFinder"); 
# myQuery.setParameter<int>("JetAlgorithm",4); 
# myQuery.setParameter<int>("JetRecom",1); 
# myQuery.setParameter("KtJetRParameter",1.0); 
# myQuery.setParameter<string>("JetInput","EcalPlusHcalTowerInput"); 
# myQuery.setParameter("EcalPlusHcalTowerEt",0.5);
# myQuery.setParameter("EcalPlusHcalTowerE",0.8);                                                       
# myQuery.setParameter<string>("JetCalibration","no"); 
# myQuery.setParameter("JetEtCut",3.0); 
# myQuery.setParameter<string>("JetSortType","byEt");

 0.226 1 1.0 35.0 45.0 0.37668 1647.73470 -14.93018 -2.97421 0.88623 8.40876 0.99617
 0.441 1 1.0 120.0 170.0 0.03405 -8.00000 0.36134 -10.22333 10.00000 10.05000 0.99297
 0.751 1 1.0 120.0 170.0 0.03048 -8.00000 0.39423 -10.34079 10.00000 10.95000 0.99094
 0.991 1 1.0 120.0 150.0 0.03009 -6.48993 0.39214 -2.84761 0.79458 9.73175 0.98458
 1.260 1 1.0 80.0 100.0 0.07101 125.16597 -0.36595 -2.92010 0.62307 22.56090 0.99046
 1.496 1 1.0 60.0 80.0 0.27824 2792.34476 -14.27071 -3.27747 0.78611 25.76746 0.97511
 1.757 1 1.0 60.0 80.0 0.31593 1922.74738 -13.45203 -26.45299 66.53699 -1.00001 1.02556
 2.046 1 1.0 60.0 80.0 0.36994 2271.36213 -17.21323 -15.61578 29.74951 -1.00017 1.02366
 2.295 1 1.0 60.0 80.0 0.38139 2060.82118 -16.83678 -2.79459 2.15161 -27.56036 1.00673
 2.487 1 1.0 50.0 60.0 0.31635 1304.80438 -10.88115 -0.83155 0.33884 -5.51779 1.00168
 2.690 1 1.0 45.0 55.0 0.11320 246.35444 -1.13478 -0.43121 0.26607 -5.67069 0.97139
 2.916 1 1.0 35.0 45.0 0.15054 2806.32782 -7.22249 -0.75309 0.96286 -9.38587 0.95811
 3.284 1 1.0 35.0 45.0 0.11900 2364.54570 -4.96222 -0.78558 1.33457 -18.63449 1.01357
 4.000 1 1.0 25.0 30.0 0.26037 504.17477 -5.11030 -0.85134 1.23720 -13.37190 1.08258
 4.400 1 1.0 26.0 27.0 0.38379 409.95371 -7.20377 -0.98329 0.39270 -1.78802 1.14475
 4.800 1 1.0 25.0 30.0 0.33980 477.40927 -6.95733 -39.95682 208.28198 -1.00021 1.19686
