# RecQuery myQuery("PersistentJetFinder"); 
# myQuery.setParameter<int>("JetAlgorithm",4); 
# myQuery.setParameter<int>("JetRecom",1); 
# myQuery.setParameter("KtJetRParameter",1.0); 
# myQuery.setParameter<string>("JetInput","EcalPlusHcalTowerUEInput"); 
# myQuery.setParameter<string>("JetCalibration","no"); 
# myQuery.setParameter("JetEtCut",3.0); 
# myQuery.setParameter<string>("JetSortType","byEt");

 0.226 1 1.0 35.0 45.0 0.24752 2720.49841 -12.64973 -3.15994 0.44564 4.65478 1.02155
 0.441 1 1.0 40.0 50.0 0.27406 2025.77072 -12.10241 -3.25164 0.59216 -1.04070 1.00398
 0.751 1 1.0 70.0 90.0 0.32774 2025.23680 -14.51054 -1.31205 0.10000 -0.95000 1.00069
 0.991 1 1.0 70.0 90.0 0.05299 -1.54222 0.06907 -2.33550 0.33283 -0.79953 0.99612
 1.260 1 1.0 80.0 100.0 0.36252 2640.40948 -18.36200 -3.11799 0.52007 4.52981 0.99710
 1.496 1 1.0 60.0 80.0 0.11649 162.05747 -1.25383 -3.55556 0.63071 12.13297 0.98642
 1.757 1 1.0 60.0 80.0 0.06696 8.76050 -0.03660 -33.06614 63.65873 -1.00132 1.04363
 2.046 1 1.0 60.0 80.0 0.08314 30.41179 -0.23384 -19.50189 27.02169 -1.00093 1.04153
 2.295 1 1.0 60.0 80.0 0.47592 2231.52536 -22.16544 -3.92576 2.16241 -33.46118 1.02010
 2.487 1 1.0 50.0 60.0 0.39126 947.79616 -11.72378 -4.17141 2.90389 -32.72458 1.02206
 2.690 1 1.0 45.0 55.0 0.13208 72.09127 -0.77857 -1.92552 1.26764 -24.80981 0.98704
 2.916 1 1.0 35.0 45.0 0.44662 1659.18840 -17.75411 -1.34070 0.65601 -8.02607 0.97706
 3.284 1 1.0 35.0 45.0 0.40807 1492.41646 -15.26354 -1.84869 1.07491 -12.00739 1.04980
 4.000 1 1.0 25.0 30.0 0.49608 975.13149 -14.99987 -1.71700 0.93452 -8.21038 1.12575
 4.400 1 1.0 26.0 27.0 0.52103 595.99668 -12.28170 -3.25943 3.10143 -19.07062 1.13583
 4.800 1 1.0 25.0 30.0 0.39285 578.95552 -9.03556 -0.40779 1.16151 -29.63723 0.83052
