# RecQuery myQuery("PersistentJetFinder");
# myQuery.setParameter<int>("JetAlgorithm",4);
# myQuery.setParameter<int>("JetRecom",4);
# myQuery.setParameter("KtJetRParameter",1.0);
# myQuery.setParameter<string>("JetInput","EcalPlusHcalTowerInput");
# myQuery.setParameter("EcalPlusHcalTowerEt",0.5);
# myQuery.setParameter("EcalPlusHcalTowerE",0.8);                                                       
# myQuery.setParameter<string>("JetCalibration","no");
# myQuery.setParameter("JetEtCut",3.0);
# myQuery.setParameter<string>("JetSortType","byEt");

 0.226 1 1.0 35.0 45.0 0.26171 1722.15988 -10.43577 -2.86136 0.83634 8.72113 0.99530
 0.441 1 1.0 120.0 150.0 0.03072 -8.23537 0.39484 -6.42200 4.08258 0.05000 0.99156
 0.751 1 1.0 120.0 150.0 0.03345 3.24827 0.34638 -3.11708 0.53668 46.66506 1.01965
 0.991 1 1.0 70.0 90.0 0.28686 3010.52075 -15.28361 -2.77041 0.67094 21.42416 0.99046
 1.260 1 1.0 80.0 100.0 0.04120 7.10646 0.26375 -2.83706 0.70230 14.67457 0.98161
 1.496 1 1.0 90.0 120.0 0.04857 53.77191 0.06319 -3.07933 0.85324 16.17801 0.96738
 1.757 1 1.0 60.0 80.0 0.29115 1519.45628 -10.94960 -24.91902 60.68094 -1.00002 1.03038
 2.046 1 1.0 60.0 80.0 0.42489 3223.05302 -23.67932 -15.40526 33.08788 -1.00005 1.02187
 2.295 1 1.0 60.0 80.0 0.05375 6.06303 0.31623 -2.57562 2.14120 -24.21309 1.00853
 2.487 1 1.0 50.0 60.0 0.04422 7.03080 0.45523 -1.58519 1.87354 -35.92819 0.99728
 2.690 1 1.0 45.0 55.0 0.25309 2885.56737 -12.87495 -10.54811 108.62031 -1.00002 0.99223
 2.916 1 1.0 35.0 45.0 0.14056 2646.95043 -6.45472 -0.66261 1.09699 -12.54462 0.96550
 3.284 1 1.0 35.0 45.0 0.17000 1856.52754 -6.50935 -0.68922 1.31816 -23.57764 1.02449
 4.000 1 1.0 25.0 30.0 0.35035 570.34098 -7.70592 -0.95258 0.82794 -10.05211 1.11880
 4.400 1 1.0 26.0 27.0 0.36396 456.62247 -7.24282 -2.21970 1.12555 -4.92767 1.19428
 4.800 1 1.0 25.0 26.0 0.33813 550.73497 -7.53728 -0.90430 0.33209 -3.66439 0.98374
