# RecQuery myQuery("PersistentJetFinder"); 
# myQuery.setParameter<int>("JetAlgorithm",4); 
# myQuery.setParameter<int>("JetRecom",4); 
# myQuery.setParameter("KtJetRParameter",1.0); 
# myQuery.setParameter<string>("JetInput","EcalPlusHcalTowerUEInput"); 
# myQuery.setParameter<string>("JetCalibration","no"); 
# myQuery.setParameter("JetEtCut",3.0);
# myQuery.setParameter<string>("JetSortType","byEt"); 

 0.226 1 1.0 35.0 45.0 0.21187 2530.94633 -10.40626 -3.03685 0.46279 2.15441 1.01592
 0.441 1 1.0 50.0 65.0 0.50248 2446.67944 -24.70565 -1.27760 0.10000 -1.00000 1.00081
 0.751 1 1.0 70.0 90.0 0.35719 2087.85081 -16.09515 -1.29309 0.10000 -0.95000 1.00016
 0.991 1 1.0 70.0 90.0 0.05185 0.04622 0.07389 -1.77282 0.19052 -0.80000 0.99772
 1.260 1 1.0 70.0 90.0 0.34232 2080.02532 -15.36206 -3.15359 0.51638 6.44417 0.99904
 1.496 1 1.0 90.0 120.0 0.07139 73.46693 -0.35420 -3.45394 0.68219 5.73943 0.97998
 1.757 1 1.0 60.0 80.0 0.09021 39.74616 -0.38418 -27.63105 43.43084 -1.00000 1.05097
 2.046 1 1.0 60.0 80.0 0.42640 1743.57805 -17.54343 -6.90712 3.64679 -4.81334 1.03843
 2.295 1 1.0 60.0 80.0 0.06557 -4.39938 0.13709 -3.92938 2.16084 -33.98301 1.02645
 2.487 1 1.0 50.0 60.0 0.43229 1288.20120 -15.17890 -3.16147 2.05124 -35.10516 1.01577
 2.690 1 1.0 45.0 55.0 0.53879 1963.09677 -23.48122 -2.19956 1.35390 -14.41822 0.99705
 2.916 1 1.0 35.0 45.0 0.44573 1814.56379 -18.54450 -2.70847 2.51746 -32.68913 0.98825
 3.284 1 1.0 35.0 45.0 0.42950 1439.95760 -15.81263 -1.86773 1.03944 -12.91345 1.06381
 4.000 1 1.0 25.0 30.0 0.42679 648.38142 -10.40895 -1.95243 1.07706 -11.68843 1.13723
 4.400 1 1.0 26.0 27.0 0.07047 -3.15964 0.33342 -3.90660 4.58056 -49.83248 1.13114
 4.800 1 1.0 25.0 26.0 0.04358 -6.74910 0.36922 -1.41126 2.76134 -48.00644 0.85629
