#   RecQuery jetQuery("PersistentJetFinder");
#   jetQuery.setParameter<int>("JetAlgorithm",33);
#   jetQuery.setParameter<int>("JetRecom",1);
#   jetQuery.setParameter<string>("JetInput","EcalPlusHcalTowerUEInput");
#   jetQuery.setParameter<string>("JetCalibration","no");
#   jetQuery.setParameter("JetEtCut",3.0);
#   jetQuery.setParameter<string>("JetSortType","byEt");
 0.226 1 1. 70.0 90.0 0.32495 2397.71101 -15.62672 -1.94903 0.23855 -1.49998 1.00599
 0.441 1 1. 70.0 90.0 0.38313 3281.53990 -21.66937 -12.92020 10.00000 -1.00000 0.99934
 0.751 1 1. 70.0 90.0 0.32381 2680.62161 -16.46106 -3.02575 0.53189 3.04765 0.99959
 0.991 1 1. 70.0 90.0 0.12329 320.75214 -1.90540 -3.11413 0.56524 5.49833 0.99736
 1.260 1 1. 70.0 90.0 0.28620 2040.37819 -12.61657 -3.08808 0.55965 6.82086 0.99066
 1.496 1 1. 70.0 90.0 0.26243 1843.08493 -10.94802 -11.40861 10.00000 -1.00000 0.95160
 1.757 1 1. 60.0 80.0 0.37627 2496.88020 -18.48653 -78.78615 415.23437 -1.00004 1.02869
 2.046 1 1. 60.0 80.0 0.25144 963.95975 -7.47163 -4.77255 2.03131 -7.84425 1.02287
 2.295 1 1. 35.0 55.0 0.48287 2573.52959 -24.12662 -3.87949 1.76367 -4.16000 1.03057
 2.487 1 1. 50.0 60.0 0.47297 2433.66654 -22.91934 -3.12061 1.72985 -13.41293 1.02374
 2.690 1 1. 40.0 50.0 0.37934 1537.64610 -14.41710 -2.47833 1.62754 -14.51982 1.00828
 2.916 1 1. 25.0 35.0 0.27318 1689.17418 -10.69838 -2.49681 2.53184 -22.91845 0.97230
 3.284 1 1. 35.0 45.0 0.35825 1649.75947 -13.99230 -1.36567 1.29498 -26.76293 1.01249
 4.000 1 1. 30.0 35.0 0.06149 -1.00000 0.41875 -1.14087 0.65125 -9.05485 1.10246
 4.400 1 1. 23.0 28.0 0.05641 -1.00000 0.42728 -2.03297 1.06129 -5.78818 1.16234
 4.800 1 1. 20.0 21.0 0.04307 32.59411 0.28446 -22.91842 163.44966 -1.00002 0.99585
