#   RecQuery jetQuery("PersistentJetFinder");
#   jetQuery.setParameter<int>("JetAlgorithm",33);
#   jetQuery.setParameter<int>("JetRecom",1);
#   jetQuery.setParameter<string>("JetInput","EcalPlusHcalTowerInput");
#   jetQuery.setParameter("EcalPlusHcalTowerEt",0.5);
#   jetQuery.setParameter("EcalPlusHcalTowerE",0.8);
#   jetQuery.setParameter<string>("JetCalibration","no");
#   jetQuery.setParameter("JetEtCut",3.0);
#   jetQuery.setParameter<string>("JetSortType","byEt");
 0.226 1 1. 70.0 90.0 0.27559 3875.35607 -16.65368 -2.63693 0.73324 11.31742 0.99530
 0.441 1 1. 100.0 130.0 0.03760 31.27172 0.27209 -9.32114 10.00000 -1.00000 0.98467
 0.751 1 1. 70.0 90.0 0.08494 332.49393 -1.05431 -2.81355 0.70192 23.29679 0.99029
 0.991 1 1. 70.0 90.0 0.21702 3136.48113 -11.64548 -2.94158 0.74804 24.26520 0.98750
 1.260 1 1. 70.0 90.0 0.22637 2972.24093 -11.85783 -2.97220 0.73362 22.11569 0.98125
 1.496 1 1. 80.0 100.0 0.16733 1342.48600 -5.67351 -8.90678 10.00000 -1.00000 0.93666
 1.757 1 1. 60.0 80.0 0.30292 3311.54265 -16.96800 -81.76929 685.56656 -1.00028 1.01313
 2.046 1 1. 60.0 80.0 0.25399 1975.76584 -10.81063 -3.80158 1.96493 -6.99567 1.01037
 2.295 1 1. 35.0 55.0 0.30068 1752.53937 -12.06695 -2.94433 1.84864 -3.86021 1.01287
 2.487 1 1. 50.0 60.0 0.27516 1621.88134 -10.48168 -2.17275 1.83390 -2.22482 1.00269
 2.690 1 1. 50.0 60.0 0.20387 1351.13905 -6.81123 -24.34439 431.16890 -1.00042 0.98457
 2.916 1 1. 25.0 35.0 0.05253 988.41168 -0.88081 -0.26729 0.15701 -1.60523 0.94406
 3.284 1 1. 35.0 45.0 0.10470 2116.10826 -3.99039 -0.18166 0.23196 -6.54131 0.98639
 4.000 1 1. 30.0 35.0 0.20657 634.21381 -4.42298 -0.18747 0.07015 -1.03542 1.07848
 4.400 1 1. 23.0 28.0 0.04357 -1.00000 0.58242 -1.48276 1.07612 -6.42880 1.13186
 4.800 1 1. 20.0 21.0 0.04681 29.33524 0.30056 -14.16866 69.92896 -1.00050 1.00225
