#     Spring07 JETS for Fastjet KT Algorithm D=1.0
#
#     Simulation Release CMSSW_1_2_3, Reconstruction Release CMSSW_1_3_1,
#     CaloTowers using Scheme B cell energy cuts, No Pileup.
#
#     Tower Threshold = 0.5 GeV ET.
#     Response fits with Gaussian truncated at 1 sigma and automatic fitting.
#
#     File provided by Kostantinos Kousouris in July 2007
#
 0.226 1 1.0 30.0 60.0 0.04492 1.20265 0.03978 -2.00117 0.24164 -1.50000 0.99287
 0.441 1 1.0 20.0 50.0 0.02892 -9.17775 0.15863 -2.93359 0.48643 0.13460 0.98969
 0.751 1 1.0 35.0 50.0 0.35203 989.31647 -10.93001 -2.93788 0.49829 0.30986 0.98876
 0.991 1 1.0 18.0 30.0 0.34060 767.06511 -9.29536 -3.24870 0.47916 8.29199 1.00154
 1.260 1 1.0 18.0 30.0 0.04884 1.86205 0.02961 -3.26464 0.45471 9.09566 0.99915
 1.496 1 1.0 18.0 30.0 0.22287 406.60334 -4.34702 -3.27589 0.41828 10.05932 0.99811
 1.757 1 1.0 18.0 30.0 0.32991 646.42897 -8.25604 -3.75607 0.36746 10.92441 1.11682
 2.046 1 1.0 18.0 30.0 0.07379 19.36899 -0.19379 -3.66084 0.50382 7.98792 1.09676
 2.295 1 1.0 18.0 30.0 0.10385 21.70285 -0.36735 -3.37912 0.65558 3.82152 1.08778
 2.487 1 1.0 18.0 30.0 0.40965 610.92910 -9.94464 -3.13656 0.76328 1.44883 1.07779
 2.690 1 1.0 18.0 30.0 0.38927 483.12586 -8.35324 -3.08875 0.84827 0.74370 1.08095
 2.916 1 1.0 18.0 30.0 0.40876 609.76563 -9.84618 -2.70460 0.89430 -1.49698 1.04825
 3.284 1 1.0 18.0 30.0 0.32495 507.89723 -7.03994 -1.86459 0.94708 -1.48895 0.85853
 4.000 1 1.0 18.0 30.0 0.32654 397.87253 -6.22943 -1.20566 0.47950 -1.49432 0.85834
 4.400 1 1.0 18.0 30.0 0.08276 -2.90531 0.06948 -0.84540 0.24466 -1.49583 0.85645
 4.800 1 1.0 18.0 30.0 0.42306 296.01446 -7.21113 -3.13832 0.52207 5.94139 1.08557
