#     Spring07 JETS for Midpoint Cone R=0.5
#
#     Simulation Release CMSSW_1_2_3, Reconstruction Release CMSSW_1_3_1,
#     CaloTowers using Scheme B cell energy cuts, No Pileup.
#
#     Seed Threshold = 1.0 GeV ET, Tower Threshold = 0.5 GeV ET.
#     Response fits with Gaussian truncated at 1 sigma and automatic fitting.
#
#     File provided by Kostantinos Kousouris in July 2007
#
 0.226 1 1.0 18.0 23.0 0.01603 -9.81896 0.26757 -3.08214 0.72430 6.29586 0.99183
 0.441 1 1.0 18.0 23.0 0.03188 963.93525 -0.69271 -3.12424 0.71739 7.05016 0.98654
 0.751 1 1.0 18.0 23.0 0.18721 612.94884 -4.38948 -3.07619 0.69782 6.83362 0.98607
 0.991 1 1.0 18.0 23.0 0.02501 796.10299 -0.40952 -3.11552 0.66215 8.25062 0.98613
 1.260 1 1.0 18.0 23.0 0.09616 570.79008 -2.03001 -3.10832 0.60986 8.97082 0.97990
 1.496 1 1.0 18.0 23.0 0.06508 1049.97597 -1.84405 -3.17930 0.57394 10.21323 0.97168
 1.757 1 1.0 18.0 23.0 0.08171 658.65388 -1.83928 -3.62521 0.47573 10.75638 1.09931
 2.046 1 1.0 18.0 23.0 0.14876 687.60578 -3.64317 -3.39601 0.68495 7.09758 1.06344
 2.295 1 1.0 18.0 23.0 0.24054 550.91579 -5.36950 -3.13040 1.06746 0.85733 1.04294
 2.487 1 1.0 18.0 23.0 0.38761 469.70093 -8.13850 -2.07467 0.69507 -1.49472 1.02549
 2.690 1 1.0 18.0 23.0 0.45848 435.41194 -9.29455 -1.64085 0.55052 -1.45775 1.02052
 2.916 1 1.0 18.0 23.0 0.48709 432.28951 -9.83031 -1.52982 0.58827 -1.49821 1.00023
 3.284 1 1.0 18.0 23.0 0.33155 334.00766 -5.71582 -0.96897 0.59245 -1.46734 0.81994
 4.000 1 1.0 18.0 23.0 0.34247 255.60256 -5.12952 -0.66304 0.37467 -1.44301 0.82425
 4.400 1 1.0 18.0 23.0 0.20246 54.57501 -1.22608 -2.13730 1.94741 3.01688 0.86499
 4.800 1 1.0 18.0 23.0 0.43320 406.95310 -8.54969 -1.48430 0.59809 -1.49918 0.85667
