# parameters for L4 EM fraction corrections from S.Esen
#etaMin etaMax nParm p0:const   aeta      emf       aeta2    aeta*emf   emf2       aeta3       aeta2*emf   aeta*emf2    emf3      aeta4      aeta3*emf    aeta2*emf2    aeta*emf3    emf4        aeta3*emf2      p1:const      aeta         emf         aeta2       aeta*emf       emf2          aeta3        aeta2*emf    aeta*emf2    emf3         aeta4     aeta3*emf     aeta2*emf2   aeta*emf3  emf4    aeta3*emf2 
 
-5.5   -2.75    32      0        0         0         0        0          0          0          0           0            0         0          0            0              0            0           0              0             0            0           0            0             0             0             0            0            0            0          0             0            0          0       0 

-2.75   -1.75   32   6.201     -14.0768  -111.285   3.2937   197.594    100.77     1.89827    -100.504    -194.372      28.9441  -0.590723   16.2266      97.6245        0          -15.8825    -15.7073        -0.01908       0.023563    -0.004252   -0.01427      0.037343      0.            0.002833     -0.022443    -0.02744     -0.018875     0          0.0037585     0.028921     0          0      -0.0065656 

-1.75  -1.25    32   2.00126   -10.0321  -65.3398   4.74861  130.781    50.8882   -0.596127   -71.2984    -128.674     37.813     0.0012495  13.4276      69.0192        0          -19.98      -13.0012        -0.0141336     0.0183193    0.0023853  -0.0181166    0.0139356     0.            0.00608912    0.0158804   -0.00790447  -0.0193754    0.         -0.012893    -0.00959133   0          0       0.0101646

-1.25   1.25    32  -5.159     -2.266     17.66     6.645    6.249     -37.07     -4.658      -15.35      -6.209       48.43      0.9801     7.358        14.3           0          -24.61      -7.13           -0.004436      0.007682     0.01311    -0.2254      -0.02627       0.            0.01082       0.07756      0.02526     -0.01813      0          -0.03905     -0.07226      0          0       0.03675

 1.25   1.75    32   2.00126   -10.0321  -65.3398   4.74861  130.781    50.8882   -0.596127   -71.2984    -128.674     37.813     0.0012495  13.4276      69.0192        0          -19.98      -13.0012        -0.0141336     0.0183193    0.0023853  -0.0181166    0.0139356     0.            0.00608912    0.0158804   -0.00790447  -0.0193754    0.         -0.012893    -0.00959133   0          0       0.0101646

 1.75   2.75    32   6.204     -14.08    -111.3     3.294    197.6      100.8      1.899      -100.5      -194.4       28.94     -0.5909     16.23        97.64          0          -15.88      -15.71          -0.01909       0.02357     -0.004248   -0.01427      0.03735       0.            0.002833     -0.02245     -0.02745     -0.01887      0           0.00376      0.02893      0          0      -0.006568 

 2.75   5.5     32      0        0         0         0        0          0         0           0           0           0          0           0            0             0            0           0              0             0            0           0            0             0             0             0            0            0            0           0            0            0          0       0 
