#     Spring07 JETS for Midpoint Cone R=0.7
#
#     Simulation Release CMSSW_1_2_3, Reconstruction Release CMSSW_1_3_1,
#     CaloTowers using Scheme B cell energy cuts, No Pileup.
#
#     Seed Threshold = 1.0 GeV ET, Tower Threshold = 0.5 GeV ET.
#     Response fits with Gaussian truncated at 1 sigma and automatic fitting.
#
#     File provided by Kostantinos Kousouris in July 2007
#
 0.226 1 1.0 18.0 23.0 0.07538 638.63741 -1.63757 -3.11004 0.59381 6.74344 0.99977
 0.441 1 1.0 18.0 23.0 -0.02908 366.62059 0.85958 -3.08031 0.58078 6.89605 0.99131
 0.751 1 1.0 18.0 23.0 0.17579 510.39900 -3.74168 -3.19387 0.60998 7.51570 0.99393
 0.991 1 1.0 18.0 23.0 0.05768 887.21060 -1.44006 -3.16518 0.57186 8.23064 0.99334
 1.260 1 1.0 18.0 23.0 0.04161 843.70494 -0.93341 -3.24786 0.52913 10.21017 0.99225
 1.496 1 1.0 18.0 23.0 0.12520 652.02605 -2.95559 -3.27765 0.48759 11.32666 0.98797
 1.757 1 1.0 18.0 23.0 0.00000 146.19582 0.28191 -3.69501 0.41388 11.09584 1.11123
 2.046 1 1.0 18.0 23.0 0.08198 1038.66350 -2.36292 -3.46187 0.56942 7.71545 1.07807
 2.295 1 1.0 18.0 23.0 0.17521 675.56737 -4.27609 -3.33535 0.80531 4.00233 1.07487
 2.487 1 1.0 18.0 23.0 0.27422 631.62121 -6.61286 -3.11598 1.02855 0.61442 1.05371
 2.690 1 1.0 18.0 23.0 0.32484 364.32609 -5.93231 -3.08031 1.24858 -1.24347 1.05165
 2.916 1 1.0 18.0 23.0 0.22537 204.25864 -2.91176 -1.94557 0.63686 -1.44227 1.02767
 3.284 1 1.0 18.0 23.0 0.25158 312.72686 -4.11273 -0.95820 0.40605 -1.38723 0.83527
 4.000 1 1.0 18.0 23.0 0.09652 20.93083 -0.12570 -0.71459 0.28073 -1.49637 0.84136
 4.400 1 1.0 18.0 23.0 0.55063 638.00327 -13.66923 -0.72958 0.23950 -1.49452 0.85356
 4.800 1 1.0 18.0 23.0 0.51380 766.71240 -14.05769 -1.14867 0.31504 -1.49937 0.86417
