#     Spring07 JETS for Iterative Cone R=0.7
#
#     Simulation Release CMSSW_1_2_3, Reconstruction Release CMSSW_1_3_1,
#     CaloTowers using Scheme B cell energy cuts, No Pileup.
#
#     Seed Threshold = 1.0 GeV ET, Tower Threshold = 0.5 GeV ET.
#     Response fits with Gaussian truncated at 1 sigma and automatic fitting.
#
#     File provided by Kostantinos Kousouris in July 2007
#
 0.226 1 1.0 18.0 23.0 0.09802 680.08114 -2.30646 -3.12602 0.60987 6.10672 0.99874
 0.441 1 1.0 18.0 23.0 0.03553 877.43121 -0.77908 -3.06284 0.58210 6.11216 0.99090
 0.751 1 1.0 18.0 23.0 0.13754 360.22922 -2.38545 -3.16722 0.59957 7.16403 0.99390
 0.991 1 1.0 18.0 23.0 0.09352 720.85046 -2.25602 -3.19774 0.56945 8.20555 0.99522
 1.260 1 1.0 18.0 23.0 0.04540 459.43341 -0.71459 -3.24068 0.54695 9.00919 0.98977
 1.496 1 1.0 18.0 23.0 0.01166 1306.08665 -0.15660 -3.21906 0.48875 9.90531 0.98481
 1.757 1 1.0 18.0 23.0 0.07090 925.50945 -1.90423 -3.67850 0.42240 10.48787 1.10734
 2.046 1 1.0 18.0 23.0 0.13519 677.00722 -3.27508 -3.47995 0.57920 7.08966 1.07923
 2.295 1 1.0 18.0 23.0 0.18349 513.18806 -3.89917 -3.34486 0.81395 3.51330 1.07356
 2.487 1 1.0 18.0 23.0 0.29749 464.99890 -6.16583 -3.44277 1.19221 1.24969 1.05973
 2.690 1 1.0 18.0 23.0 0.34141 438.35233 -6.88427 -2.51517 0.84386 -1.42578 1.04845
 2.916 1 1.0 18.0 23.0 0.25088 285.30778 -3.93063 -1.82833 0.55453 -1.43101 1.02932
 3.284 1 1.0 18.0 23.0 0.05387 2.27587 0.21152 -1.13299 0.53384 -1.32290 0.83592
 4.000 1 1.0 18.0 23.0 0.40566 523.29955 -8.95934 -0.65365 0.25824 -1.49966 0.83241
 4.400 1 1.0 18.0 23.0 0.50004 486.22309 -10.79189 -1.08449 0.42677 -1.49967 0.86923
 4.800 1 1.0 18.0 23.0 0.52558 719.97520 -13.93750 -2.60811 1.24517 -1.49935 0.89338
