#     Spring07 JETS for Fastjet KT Algorithm D=0.6
#
#     Simulation Release CMSSW_1_2_3, Reconstruction Release CMSSW_1_3_1,
#     CaloTowers using Scheme B cell energy cuts, No Pileup.
#
#     Tower Threshold = 0.5 GeV ET.
#     Response fits with Gaussian truncated at 1 sigma and automatic fitting.
#
#     File provided by Kostantinos Kousouris in July 2007
#
 0.226 1 1.0 18.0 30.0 0.07104 -2.19659 -0.01706 -3.03226 0.67866 3.05570 0.99357
 0.441 1 1.0 18.0 33.0 0.41845 769.13532 -11.47394 -3.08589 0.67218 4.03627 0.98858
 0.751 1 1.0 18.0 30.0 0.31354 344.62354 -5.70476 -3.06596 0.66792 4.15694 0.98831
 0.991 1 1.0 18.0 30.0 0.36111 604.06549 -8.73681 -3.01020 0.61214 5.04761 0.98737
 1.260 1 1.0 18.0 30.0 0.04924 -6.37954 0.09524 -3.04965 0.58760 6.08822 0.98073
 1.496 1 1.0 18.0 30.0 0.39389 463.19221 -8.40055 -3.11696 0.54824 7.36066 0.97650
 1.757 1 1.0 18.0 23.0 0.50016 408.25601 -10.07741 -3.50199 0.46868 7.66748 1.09551
 2.046 1 1.0 18.0 23.0 0.41856 529.00417 -9.53321 -9.42981 5.31725 34.60271 1.06532
 2.295 1 1.0 18.0 23.0 0.04952 -9.13788 0.18811 -3.15469 0.93749 0.10583 1.05911
 2.487 1 1.0 18.0 23.0 0.44932 378.78001 -8.56221 -2.14998 0.61751 -1.43015 1.04588
 2.690 1 1.0 18.0 23.0 0.17330 36.19308 -0.84283 -1.76757 0.51029 -1.46195 1.04507
 2.916 1 1.0 18.0 23.0 0.06387 -6.71119 0.24780 -1.53280 0.47289 -1.48304 1.02314
 3.284 1 1.0 18.0 23.0 0.29419 254.31227 -4.37980 -0.93331 0.45432 -1.49489 0.82912
 4.000 1 1.0 18.0 23.0 0.12436 18.47607 -0.24427 -0.68012 0.31854 -1.49868 0.83075
 4.400 1 1.0 18.0 23.0 0.14477 19.17282 -0.41548 -1.60626 0.98042 -0.98862 0.86934
 4.800 1 1.0 18.0 23.0 0.09911 -0.58361 -0.05830 -2.54885 1.02986 1.29184 0.91931
