#     Spring07 JETS for Iterative Cone R=0.5
#
#     Simulation Release CMSSW_1_2_3, Reconstruction Release CMSSW_1_3_1,
#     CaloTowers using Scheme B cell energy cuts, No Pileup.
#
#     Seed Threshold = 1.0 GeV ET, Tower Threshold = 0.5 GeV ET.
#     Response fits with Gaussian truncated at 1 sigma and automatic fitting.
#
#     File provided by Kostantinos Kousouris in July 2007
#
 0.226 1 1.0 18.0 23.0 0.19080 543.56132 -4.21663 -3.02789 0.69700 5.42355 0.99248
 0.441 1 1.0 18.0 23.0 0.16688 593.39973 -3.82132 -3.06280 0.68854 6.03208 0.98716
 0.751 1 1.0 18.0 23.0 0.21803 640.90331 -5.29203 -3.16036 0.72593 6.70371 0.98780
 0.991 1 1.0 18.0 23.0 0.12845 732.21746 -3.21496 -3.10162 0.64452 7.80080 0.98806
 1.260 1 1.0 18.0 23.0 0.11083 693.00737 -2.66243 -3.14143 0.61635 8.67024 0.98085
 1.496 1 1.0 18.0 23.0 0.18671 782.99680 -5.00692 -3.16782 0.54899 9.81318 0.97564
 1.757 1 1.0 18.0 23.0 0.22550 627.91554 -5.44616 -3.60832 0.48757 9.93446 1.09477
 2.046 1 1.0 18.0 23.0 0.13788 171.30743 -1.59146 -3.38535 0.69509 6.26413 1.06176
 2.295 1 1.0 18.0 23.0 0.31583 488.11222 -6.73556 -3.21063 1.09524 1.01761 1.04435
 2.487 1 1.0 18.0 23.0 0.37670 475.31836 -7.94765 -2.82235 1.18479 -0.84239 1.03089
 2.690 1 1.0 18.0 23.0 0.42522 317.79438 -7.32354 -1.92132 0.70662 -1.24685 1.02565
 2.916 1 1.0 18.0 23.0 0.51992 421.26098 -10.39074 -1.55099 0.59102 -1.49813 1.00174
 3.284 1 1.0 18.0 23.0 0.35036 333.48359 -6.06295 -0.89390 0.49182 -1.30242 0.81962
 4.000 1 1.0 18.0 23.0 0.35293 251.58278 -5.25485 -0.65416 0.36899 -1.50000 0.82416
 4.400 1 1.0 18.0 23.0 0.09683 1.55215 0.07626 -2.19797 2.03223 3.40024 0.86574
 4.800 1 1.0 18.0 23.0 0.40456 360.45145 -7.48315 -2.23496 1.29250 -1.34797 0.85757
