#
#     Vol. II Jet Recommendations 
#
#     number (9)
#
#     (SchemeA) + (SplitTowers + UEInput) + (kT - ET) + (MCJet + LQ)
#
 0.226 1 1.0 35.0 45.0 0.12909 885.77493 -3.60840 -3.01775 0.43623 1.27238 1.01686
 0.441 1 1.0 45.0 55.0 0.31997 2042.88829 -14.25359 -13.90911 10.00000 -1.00000 1.00650
 0.751 1 1.0 40.0 50.0 0.17131 1083.71989 -5.40631 -3.08662 0.45974 2.98459 1.01016
 0.991 1 1.0 45.0 55.0 0.37278 2482.12945 -18.36271 -3.05870 0.47270 2.80546 1.00627
 1.260 1 1.0 40.0 50.0 0.30153 1461.84246 -11.33017 -3.02591 0.45856 3.90905 0.99914
 1.496 1 1.0 40.0 50.0 0.21462 1147.75214 -7.05135 -3.06624 0.48242 5.41889 0.97900
 1.757 1 1.0 40.0 50.0 0.21289 1086.39846 -6.80862 -3.24365 0.44418 2.96457 1.06303
 2.046 1 1.0 40.0 50.0 0.23861 1175.20870 -7.97836 -85.27138 361.61759 -1.00025 1.05247
 2.295 1 1.0 35.0 45.0 0.30276 1872.61439 -12.89491 -5.36876 1.41252 -1.04309 1.08078
 2.487 1 1.0 30.0 35.0 0.11383 833.88001 -3.04672 -90.59584 425.63243 -1.00100 1.08258
 2.690 1 1.0 35.0 45.0 0.25927 1356.17086 -9.33580 -4.53754 1.17485 -3.09311 1.07404
 2.916 1 1.0 30.0 35.0 0.13804 1654.95535 -5.36739 -4.12362 1.26954 -6.90472 1.02541
 3.284 1 1.0 25.0 35.0 0.28269 1484.91164 -10.66680 -4.03702 1.27194 -9.53663 1.11531
 4.000 1 1.0 25.0 30.0 0.79894 1097.87192 -26.37169 -4.37653 1.30901 -4.75399 1.23735
 4.400 1 1.0 20.0 25.0 0.75377 1060.60739 -24.41594 -8.23861 3.85957 -1.00000 1.29602
 4.800 1 1.0 20.0 25.0 0.19215 733.38676 -4.95298 -3.31090 1.19899 -5.26068 1.03104
