#
#     Vol. II Jet Recommendations 
#
#     number (4)
#
#     (SchemeA) + (FullTowers + PS) + (IC05) + (MCJet + LQ)
#
 0.226 1 1.0 45.0 55.0 0.32314 2052.93263 -14.23089 -2.75812 0.73712 10.36780 0.99683
 0.441 1 1.0 60.0 70.0 0.35067 2510.61937 -17.16990 -9.34806 10.00000 -1.00000 0.98319
 0.751 1 1.0 45.0 55.0 0.36288 2489.37324 -17.71139 -2.71759 0.61969 12.37745 0.99347
 0.991 1 1.0 35.0 40.0 0.24394 2144.17292 -10.88624 -2.45543 0.51612 7.74888 0.98805
 1.260 1 1.0 45.0 55.0 0.27502 1661.13218 -10.82624 -2.96693 0.61020 15.47435 0.98905
 1.496 1 1.0 45.0 55.0 0.04671 15.32653 0.15041 -3.03474 0.67435 16.75088 0.95566
 1.757 1 1.0 45.0 55.0 0.37982 2134.25987 -17.20067 -3.29496 0.72791 9.90512 1.04034
 2.046 1 1.0 30.0 35.0 0.30328 1125.33887 -9.83683 -79.46687 733.29096 -1.00007 1.00132
 2.295 1 1.0 26.0 31.0 0.05159 -0.17562 0.23117 -18.43462 44.69064 -1.00003 1.01766
 2.487 1 1.0 33.0 40.0 0.45796 1984.18608 -20.00776 -4.34507 3.55960 -14.89533 0.99894
 2.690 1 1.0 25.0 35.0 0.44319 1456.01975 -16.50973 -47.67762 448.31863 -1.00000 0.99344
 2.916 1 1.0 45.0 55.0 0.08040 31.23503 -0.03151 -1.83234 1.33790 -11.50102 0.93373
 3.284 1 1.0 25.0 35.0 0.31173 518.01155 -6.60640 -1.78834 1.04139 -5.04030 1.04072
 4.000 1 1.0 25.0 35.0 0.07118 -2.74551 0.41748 -29.02355 244.11898 -1.00006 1.12872
 4.400 1 1.0 25.0 35.0 0.07064 -2.93252 0.41972 -28.88634 198.40768 -1.00000 1.15484
 4.800 1 1.0 20.0 25.0 0.16050 1276.73187 -5.17740 -1.17357 0.93873 -5.17952 0.90387
