#
#     Vol. II Jet Recommendations 
#
#     number (7)
#
#     (SchemeB) + (SplitTowers + ET > 0.5) + (MC05) + (MCJet + LQ)
#
 0.226 1 1.0 45.0 55.0 0.28157 372.95317 -5.22619 -2.91031 0.79738 4.15229 0.99837
 0.441 1 1.0 45.0 55.0 0.40483 1064.52743 -12.95957 -9.90135 10.00000 -1.00000 0.98794
 0.751 1 1.0 45.0 55.0 0.12813 60.62029 -0.78176 -2.75978 0.65655 7.16472 0.99315
 0.991 1 1.0 45.0 55.0 0.14910 112.34305 -1.33054 -3.03178 0.74236 11.98092 0.99318
 1.260 1 1.0 45.0 55.0 0.13951 142.50231 -1.38223 -3.01038 0.68031 13.68846 0.98713
 1.496 1 1.0 45.0 55.0 0.09015 46.72303 -0.35546 -2.93057 0.69481 11.63108 0.95445
 1.757 1 1.0 45.0 55.0 0.09802 25.91604 -0.30540 -3.27499 0.70497 7.14801 1.04444
 2.046 1 1.0 45.0 55.0 0.16617 152.61468 -1.79401 -3.78177 1.47519 -3.74962 1.01784
 2.295 1 1.0 45.0 55.0 0.10610 35.38641 -0.34690 -2.87058 1.37760 -11.72318 1.00846
 2.487 1 1.0 45.0 55.0 0.44388 1160.70819 -14.76820 -2.25344 1.15122 -11.45218 1.00273
 2.690 1 1.0 45.0 55.0 0.09289 21.31127 -0.07784 -2.13354 1.35749 -12.41631 0.99291
 2.916 1 1.0 45.0 55.0 0.26595 875.94331 -7.37903 -1.62230 1.21066 -13.00427 0.94601
 3.284 1 1.0 45.0 55.0 0.06112 -0.38160 0.36339 -0.73623 0.67204 -20.61696 0.98347
 4.000 1 1.0 25.0 35.0 0.08074 -2.85330 0.38908 -1.68564 1.22295 -5.72391 1.11671
 4.400 1 1.0 25.0 35.0 0.48950 623.37497 -11.75105 -2.09487 1.29267 -9.59706 1.14899
 4.800 1 1.0 20.0 25.0 0.43912 989.99962 -13.44436 -2.23819 1.26378 -2.50737 0.97330
