#
#     Vol. II Jet Recommendations 
#
#     number (10)
#
#     (SchemeA) + (TrackTowers + UEInput) + (kT - ET) + (MCJet + LQ)
#
 0.226 1 1.0 35.0 45.0 0.02079 -0.09268 0.18399 -3.08038 0.44246 1.41164 1.02164
 0.441 1 1.0 45.0 55.0 0.33911 2187.61126 -15.65601 -13.95898 10.00000 -1.00000 1.00884
 0.751 1 1.0 40.0 50.0 0.12000 780.95930 -3.10911 -3.17170 0.47295 3.06155 1.01500
 0.991 1 1.0 45.0 55.0 0.27001 1298.55350 -9.52052 -3.28087 0.49900 5.22422 1.01386
 1.260 1 1.0 40.0 50.0 0.28409 1600.96769 -11.15977 -3.12912 0.46593 5.07538 1.00349
 1.496 1 1.0 40.0 50.0 0.19976 1257.66711 -6.85664 -3.17088 0.53937 4.67774 0.97579
 1.757 1 1.0 40.0 50.0 0.19121 1184.04333 -6.36089 -3.39421 0.47046 3.78043 1.06714
 2.046 1 1.0 40.0 50.0 0.20896 1082.43332 -6.66581 -64.68146 206.03057 -1.00010 1.05547
 2.295 1 1.0 35.0 45.0 0.32171 1895.54836 -13.80397 -56.50146 157.17301 -1.00000 1.08071
 2.487 1 1.0 30.0 35.0 0.07649 535.11758 -1.52329 -43.22987 95.90664 -1.00000 1.08686
 2.690 1 1.0 35.0 45.0 0.28628 2211.31580 -13.24469 -4.47923 1.19590 -4.87737 1.06922
 2.916 1 1.0 30.0 35.0 0.16107 1657.29701 -6.31478 -4.31839 1.27514 -4.97141 1.03876
 3.284 1 1.0 25.0 35.0 0.32462 1832.17960 -13.67589 -4.07539 1.27349 -9.32188 1.11872
 4.000 1 1.0 25.0 30.0 0.75067 1060.29029 -24.33409 -3.78691 1.13311 -6.60245 1.21227
 4.400 1 1.0 20.0 25.0 0.68206 1134.41704 -22.81950 -4.54840 1.26785 -1.64773 1.28094
 4.800 1 1.0 20.0 25.0 0.18183 727.32943 -4.65062 -3.59054 2.01548 -15.67327 0.97518
