#
#     Vol. II Jet Recommendations 
#
#     number (2)
#
#     (SchemeB) + (SplitTowers + ET > 0.5) + (IC05) + (MCJet + LQ)
#
 0.226 1 1.0 45.0 55.0 0.10677 33.53483 -0.41358 -2.71350 0.69743 2.55718 0.99889
 0.441 1 1.0 45.0 55.0 0.10608 37.13839 -0.43654 -10.00766 10.00000 -1.00000 0.98948
 0.751 1 1.0 45.0 55.0 0.09162 19.19853 -0.20074 -2.45974 0.52336 4.75067 0.99401
 0.991 1 1.0 45.0 55.0 0.08288 23.07087 -0.14693 -2.81130 0.65661 8.31457 0.99330
 1.260 1 1.0 45.0 55.0 0.06058 4.34303 0.10384 -2.81805 0.63138 9.62610 0.98533
 1.496 1 1.0 45.0 55.0 0.07309 19.39327 -0.07673 -2.96416 0.69643 12.21525 0.95752
 1.757 1 1.0 45.0 55.0 0.42428 1557.72992 -16.46941 -3.21747 0.70517 5.26939 1.04594
 2.046 1 1.0 45.0 55.0 0.49177 1899.81052 -21.14496 -3.45570 1.32651 -5.26353 1.01530
 2.295 1 1.0 45.0 55.0 0.07997 8.47766 0.02618 -2.35429 1.07897 -12.87809 1.00218
 2.487 1 1.0 45.0 55.0 0.13627 72.37375 -0.81609 -2.20543 1.07671 -5.96557 1.00550
 2.690 1 1.0 45.0 55.0 0.07260 2.14933 0.19120 -1.76777 1.07159 -10.60267 0.98364
 2.916 1 1.0 45.0 55.0 0.08774 60.36713 -0.19426 -1.44184 1.14444 -11.45521 0.93714
 3.284 1 1.0 45.0 55.0 0.05895 4.18571 0.37359 -1.17374 0.96742 -17.30571 1.01183
 4.000 1 1.0 25.0 35.0 0.06896 -6.33278 0.49986 -1.38202 1.15041 -7.40709 1.10063
 4.400 1 1.0 25.0 35.0 0.09405 1.18977 0.26513 -54.19467 537.97028 -1.00001 1.21238
 4.800 1 1.0 20.0 25.0 0.38420 528.39836 -8.46218 -36.74456 259.36454 -1.00007 1.03429
