#
#     Vol. II Jet Recommendations 
#
#     number (8)
#
#     (SchemeB) + (SplitTowers + ET > 0.5) + (MC07) + (MCJet + LQ)
#
 0.226 1 1.0 45.0 55.0 0.62686 2410.61761 -30.56539 -3.12389 0.76120 6.61348 1.00207
 0.441 1 1.0 40.0 55.0 0.46411 1187.14732 -15.78479 -10.55686 10.00000 -1.00000 0.98915
 0.751 1 1.0 45.0 55.0 0.44014 1231.92145 -15.21548 -2.93069 0.62465 9.19236 0.99729
 0.991 1 1.0 45.0 55.0 0.08165 23.19879 -0.15446 -3.11490 0.71357 11.20172 0.99385
 1.260 1 1.0 45.0 55.0 0.12332 131.61681 -1.12691 -3.13548 0.67648 13.18679 0.98875
 1.496 1 1.0 45.0 55.0 0.07671 34.85158 -0.19016 -3.01500 0.69362 10.93169 0.95780
 1.757 1 1.0 45.0 55.0 0.47651 2010.77799 -21.10001 -3.35969 0.58440 11.54382 1.05864
 2.046 1 1.0 45.0 55.0 0.48299 2284.70164 -22.79148 -51.39028 229.20181 -1.00024 1.02608
 2.295 1 1.0 45.0 55.0 0.41470 1285.73477 -14.56306 -3.26524 1.39655 -11.08145 1.02004
 2.487 1 1.0 45.0 55.0 0.50476 1545.94454 -19.52257 -25.54978 85.24888 -1.00011 1.03494
 2.690 1 1.0 45.0 55.0 0.39876 972.43701 -12.07515 -2.70373 1.39138 -6.51451 1.01356
 2.916 1 1.0 45.0 55.0 0.38079 1566.95566 -14.62482 -1.74087 0.84016 -4.61261 0.97372
 3.284 1 1.0 45.0 55.0 0.07006 7.54579 0.22725 -1.54174 1.04711 -17.40960 1.01954
 4.000 1 1.0 25.0 35.0 0.10367 9.72401 0.10087 -1.53035 0.89659 -8.78668 1.11271
 4.400 1 1.0 25.0 35.0 0.25922 130.62145 -2.56238 -23.61805 89.12650 -1.00005 1.17948
 4.800 1 1.0 20.0 25.0 0.47946 935.19870 -14.33924 -2.57054 1.27304 -1.83896 0.99805
