#
#     Vol. II Jet Recommendations 
#
#     number (3)
#
#     (SchemeA) + (SplitTowers + UEInput) + (IC05) + (MCJet + LQ)
#
 0.226 1 1.0 45.0 55.0 0.48975 2498.70843 -24.25779 -2.83539 0.59837 -0.34789 1.00614
 0.441 1 1.0 35.0 45.0 0.30343 1736.51791 -12.39518 -3.94708 1.13345 -1.00996 1.00126
 0.751 1 1.0 45.0 55.0 0.28257 950.26928 -8.47035 -2.62011 0.48450 1.50073 1.00050
 0.991 1 1.0 45.0 55.0 0.48705 2254.18786 -22.89532 -2.87486 0.57253 3.58486 0.99991
 1.260 1 1.0 45.0 55.0 0.46827 1946.32566 -20.43338 -2.83451 0.57623 3.94301 0.98808
 1.496 1 1.0 45.0 55.0 0.47742 2189.68881 -22.11281 -2.95074 0.62752 7.01457 0.95994
 1.757 1 1.0 45.0 55.0 0.52181 2437.69729 -25.54225 -3.19703 0.60953 3.03771 1.05042
 2.046 1 1.0 30.0 35.0 0.19202 1244.05538 -6.50076 -4.32857 1.35338 -1.49002 1.03968
 2.295 1 1.0 26.0 31.0 0.13328 427.46068 -2.49113 -3.94931 1.33316 -3.65068 1.04759
 2.487 1 1.0 45.0 55.0 0.62736 1443.59475 -23.66077 -3.53022 1.44865 -9.54495 1.02908
 2.690 1 1.0 45.0 55.0 0.66388 1864.75814 -28.47498 -2.80819 1.22714 -17.89650 1.00458
 2.916 1 1.0 45.0 55.0 0.63604 2007.35054 -28.25346 -2.20399 0.99810 -13.30039 0.96143
 3.284 1 1.0 25.0 35.0 0.12497 0.96679 -0.14005 -2.78164 1.12781 -7.21935 1.08998
 4.000 1 1.0 25.0 35.0 0.12443 -0.68383 0.02867 -2.29502 1.10539 -6.59769 1.14790
 4.400 1 1.0 25.0 35.0 0.13202 7.64545 -0.08574 -22.19572 73.98390 -1.00110 1.19354
 4.800 1 1.0 20.0 25.0 0.41880 773.69411 -11.27801 -36.17131 287.45483 -1.00000 0.98948
